shape_id,shape_pt_lat,shape_pt_lon,shape_pt_sequence
1011,26.334091,127.804507,1
1011,26.33409133,127.8045074,2
1011,26.334163,127.804602,3
1011,26.333984,127.804786,4
1011,26.333164,127.803762,5
1011,26.332753,127.804307,6
1011,26.332608,127.8054,7
1011,26.332509,127.805669,8
1011,26.332187,127.806054,9
1011,26.33155,127.806579,10
1011,26.330942,127.807237,11
1011,26.330695,127.807747,12
1011,26.330642,127.808048,13
1011,26.330731,127.808621,14
1011,26.330778,127.809454,15
1011,26.330588,127.810007,16
1011,26.329475,127.809748,17
1011,26.32913782,127.8097052,18
1011,26.328766,127.809658,19
1011,26.328467,127.809755,20
1011,26.327736,127.810498,21
1011,26.32742312,127.8105493,22
1011,26.327352,127.810561,23
1011,26.326667,127.810459,24
1011,26.326185,127.810316,25
1011,26.326468,127.809484,26
1011,26.327119,127.807939,27
1011,26.32768,127.80702,28
1011,26.327984,127.80605,29
1011,26.32855,127.805124,30
1011,26.328961,127.80353,31
1011,26.328507,127.803087,32
1011,26.32836,127.80327,33
1011,26.328159,127.80329,34
1011,26.327793,127.803219,35
1011,26.327712,127.803153,36
1011,26.327714,127.803022,37
1011,26.32773969,127.8029265,38
1011,26.327834,127.802576,39
1011,26.327108,127.802018,40
1011,26.326459,127.801947,41
1011,26.326212,127.801756,42
1011,26.326063,127.80096,43
1011,26.325558,127.800178,44
1011,26.324911,127.799962,45
1011,26.324733,127.799739,46
1011,26.324545,127.799221,47
1011,26.324336,127.799084,48
1011,26.32369,127.798963,49
1011,26.323331,127.798706,50
1011,26.323146,127.798408,51
1011,26.323046,127.798098,52
1011,26.32298786,127.7975286,53
1011,26.322806,127.795748,54
1011,26.322543,127.795133,55
1011,26.322278,127.793969,56
1011,26.322199,127.793423,57
1011,26.319951,127.79318,58
1011,26.31940609,127.7932077,59
1011,26.319262,127.793215,60
1011,26.317362,127.793803,61
1011,26.316952,127.793802,62
1011,26.316498,127.793728,63
1011,26.316302,127.794974,64
1011,26.316284,127.796376,65
1011,26.316897,127.796347,66
1011,26.31687,127.796595,67
1011,26.31670215,127.7966919,68
1011,26.316683,127.796703,69
1011,26.316617,127.796579,70
1011,26.316821,127.796469,71
1011,26.316822,127.796412,72
1011,26.31616,127.796449,73
1011,26.316161,127.794944,74
1011,26.316838,127.791284,75
1011,26.317177,127.790694,76
1011,26.317543,127.790326,77
1011,26.317949,127.790109,78
1011,26.31882,127.78988,79
1011,26.31889479,127.7898447,80
1011,26.319418,127.789598,81
1011,26.319896,127.789452,82
1011,26.320962,127.789339,83
1011,26.321879,127.789079,84
1011,26.32194,127.78883,85
1011,26.321599,127.78842,86
1011,26.320656,127.786732,87
1011,26.320439,127.786246,88
1011,26.32028804,127.7850316,89
1011,26.320216,127.784452,90
1011,26.320918,127.784315,91
1011,26.32124977,127.7841795,92
1011,26.326655,127.781972,93
1011,26.32669435,127.7821153,94
1011,26.326758,127.782347,95
1011,26.326621,127.782394,96
1011,26.326557,127.782192,97
1011,26.326658,127.782147,98
1011,26.3267,127.781958,99
1011,26.329061,127.780997,100
1011,26.329889,127.783527,101
1011,26.329518,127.783674,102
1011,26.32914412,127.7839481,103
1011,26.329132,127.783957,104
1011,26.328616,127.784585,105
1011,26.328389,127.784766,106
1011,26.327824,127.784977,107
1011,26.32667681,127.7857044,108
1011,26.326414,127.785871,109
1011,26.326779,127.786793,110
1011,26.32704206,127.7870467,111
1011,26.3274,127.787392,112
1011,26.327788,127.788278,113
1011,26.329228,127.789736,114
1011,26.329372,127.789828,115
1011,26.329766,127.789941,116
1011,26.33098892,127.79061,117
1011,26.331574,127.79093,118
1011,26.332907,127.791843,119
1011,26.33321097,127.7913954,120
1011,26.333364,127.79117,121
1011,26.3341211,127.789942,122
1011,26.3347106,127.7889625,123
1011,26.334758,127.7888322,124
1011,26.3347804,127.7887349,125
1011,26.334786,127.7886484,126
1011,26.3347749,127.7884738,127
1011,26.3347262,127.7883552,128
1011,26.3342147,127.7873435,129
1011,26.3342287,127.7870919,130
1011,26.3343206,127.7868913,131
1011,26.334268,127.7866401,132
1011,26.3344017,127.7865593,133
1011,26.33444269,127.7866871,134
1011,26.3344875,127.7868267,135
1011,26.3343667,127.7870244,136
1011,26.334316,127.7871997,137
1011,26.3346937,127.7879035,138
1011,26.3349844,127.7885344,139
1011,26.3349696,127.7886803,140
1011,26.3334263,127.7911414,141
1011,26.3334333,127.7912255,142
1011,26.3353596,127.7927321,143
1011,26.335447,127.7928237,144
1011,26.3355008,127.792969,145
1011,26.3354831,127.7931867,146
1011,26.335491,127.7933237,147
1011,26.335511,127.79345,148
1011,26.335553,127.7935848,149
1011,26.3359394,127.7944408,150
1011,26.3360144,127.794577,151
1011,26.33605225,127.7946391,152
1011,26.3360942,127.7947079,153
1011,26.3362032,127.7948543,154
1011,26.336968,127.79575,155
1011,26.337498,127.796264,156
1011,26.3363146,127.7983894,157
1011,26.336825,127.799636,158
1011,26.33744107,127.8005155,159
1011,26.33795,127.801242,160
1011,26.340432,127.798845,161
1011,26.34085992,127.7988459,162
1011,26.34188,127.798848,163
1011,26.341971,127.798795,164
1011,26.341994,127.798693,165
1011,26.339908,127.797367,166
1011,26.33847,127.797084,167
1011,26.338042,127.796911,168
1011,26.3374316,127.7963584,169
1011,26.3363028,127.7983809,170
1011,26.33569734,127.7994948,171
1011,26.3349446,127.8008797,172
1011,26.3347486,127.8013984,173
1011,26.3345934,127.8019011,174
1011,26.3344552,127.8021767,175
1011,26.334168,127.802573,176
1011,26.3337225,127.803117,177
1011,26.3335719,127.8032777,178
1011,26.3333957,127.8034948,179
1011,26.3333973,127.8036087,180
1011,26.3336844,127.8039958,181
1011,26.334087,127.804501,182
2011,26.334091,127.804507,1
2011,26.33409133,127.8045074,2
2011,26.334163,127.804602,3
2011,26.333984,127.804786,4
2011,26.333164,127.803762,5
2011,26.332753,127.804307,6
2011,26.332608,127.8054,7
2011,26.332509,127.805669,8
2011,26.332187,127.806054,9
2011,26.33155,127.806579,10
2011,26.330942,127.807237,11
2011,26.330695,127.807747,12
2011,26.331639,127.808299,13
2011,26.331961,127.808751,14
2011,26.3320715,127.8092386,15
2011,26.333202,127.814228,16
2011,26.33358807,127.8150168,17
2011,26.334912,127.817722,18
2011,26.335531,127.818843,19
2011,26.335982,127.819332,20
2011,26.33612057,127.8194329,21
2011,26.338342,127.82105,22
2011,26.341334,127.822506,23
2011,26.341993,127.823212,24
2011,26.34235,127.823791,25
2011,26.34170994,127.8241503,26
2011,26.34007,127.825071,27
2011,26.340539,127.826235,28
2011,26.341601,127.828278,29
2011,26.34219476,127.827936,30
2011,26.34728285,127.8250051,31
2011,26.349734,127.823593,32
2011,26.352014,127.822841,33
2011,26.353252,127.822563,34
2011,26.3531734,127.8221498,35
2011,26.353096,127.821743,36
2011,26.351903,127.817676,37
2011,26.3515027,127.8177948,38
2011,26.34873876,127.8186154,39
2011,26.34777,127.818903,40
2011,26.34713285,127.8173688,41
2011,26.346571,127.816016,42
2011,26.34603969,127.8143945,43
2011,26.345665,127.813251,44
2011,26.344908,127.81352,45
2011,26.342516,127.813736,46
2011,26.339158,127.815579,47
2011,26.33877496,127.8147986,48
2011,26.338649,127.814542,49
2011,26.338523,127.814137,50
2011,26.338008,127.810419,51
2011,26.33881942,127.8102124,52
2011,26.339037,127.810157,53
2011,26.339488,127.810362,54
2011,26.339773,127.810371,55
2011,26.340135,127.810165,56
2011,26.341151,127.809256,57
2011,26.34142068,127.8088474,58
2011,26.341619,127.808547,59
2011,26.341921,127.808408,60
2011,26.342182,127.808434,61
2011,26.342835,127.808702,62
2011,26.343572,127.808777,63
2011,26.34367,127.808161,64
2011,26.343917,127.807926,65
2011,26.343986,127.80775,66
2011,26.344028,127.806911,67
2011,26.3441,127.806627,68
2011,26.344076,127.806396,69
2011,26.343888,127.806073,70
2011,26.343787,127.805772,71
2011,26.34365139,127.8055192,72
2011,26.34353,127.805293,73
2011,26.3431,127.804218,74
2011,26.343561,127.803912,75
2011,26.344135,127.803629,76
2011,26.344406,127.803707,77
2011,26.344822,127.80275,78
2011,26.345408,127.802621,79
2011,26.34566011,127.8026134,80
2011,26.346607,127.802585,81
2011,26.346735,127.80244,82
2011,26.346733,127.801494,83
2011,26.34365247,127.7996942,84
2011,26.342769,127.799178,85
2011,26.341935,127.798896,86
2011,26.3408773,127.7988862,87
2011,26.340417,127.798882,88
2011,26.339763,127.798502,89
2011,26.339489,127.79825,90
2011,26.339176,127.797784,91
2011,26.337622,127.79876,92
2011,26.33720492,127.799133,93
2011,26.336761,127.79953,94
2011,26.336301,127.798405,95
2011,26.33571183,127.7995046,96
2011,26.334947,127.800932,97
2011,26.334603,127.801944,98
2011,26.334168,127.802573,99
2011,26.333354,127.803551,100
2011,26.334087,127.804501,101
3011,26.388333,127.828953,1
3011,26.38833423,127.8289527,2
3011,26.388364,127.828946,3
3011,26.38854,127.828707,4
3011,26.388675,127.828597,5
3011,26.388635,127.828484,6
3011,26.388417,127.82858,7
3011,26.388136,127.82864,8
3011,26.387648,127.828598,9
3011,26.386231,127.827864,10
3011,26.386023,127.827791,11
3011,26.385638,127.828013,12
3011,26.385066,127.828462,13
3011,26.384796,127.828594,14
3011,26.384539,127.828683,15
3011,26.384174,127.828712,16
3011,26.384116,127.828682,17
3011,26.384093,127.828705,18
3011,26.38411,127.828679,19
3011,26.383427,127.828324,20
3011,26.382465,127.827987,21
3011,26.381049,127.827609,22
3011,26.380459,127.827558,23
3011,26.380342,127.827585,24
3011,26.379829,127.827829,25
3011,26.379585,127.827888,26
3011,26.37932,127.827877,27
3011,26.378958,127.82776,28
3011,26.378898,127.827715,29
3011,26.378878,127.827735,30
3011,26.378892,127.82771,31
3011,26.378699,127.827563,32
3011,26.378536,127.826868,33
3011,26.378532,127.826237,34
3011,26.378648,127.825894,35
3011,26.378868,127.825545,36
3011,26.378919,127.825401,37
3011,26.378984,127.824839,38
3011,26.378557,127.824138,39
3011,26.377149,127.822139,40
3011,26.376605,127.821715,41
3011,26.376446,127.821631,42
3011,26.37642,127.821663,43
3011,26.376432,127.821624,44
3011,26.376244,127.821525,45
3011,26.374752,127.821155,46
3011,26.371881,127.820611,47
3011,26.37186,127.820646,48
3011,26.371871,127.820609,49
3011,26.371743,127.820586,50
3011,26.371186,127.82042,51
3011,26.37075,127.820216,52
3011,26.370057,127.819732,53
3011,26.367742,127.817843,54
3011,26.367156,127.817274,55
3011,26.367104,127.817132,56
3011,26.36715,127.816976,57
3011,26.368144,127.815802,58
3011,26.368351,127.816147,59
3011,26.368246,127.816303,60
3011,26.36825843,127.8163403,61
3011,26.368259,127.816342,62
3011,26.368232,127.816324,63
3011,26.367998,127.816672,64
3011,26.367681,127.816412,65
3011,26.367179,127.817011,66
3011,26.367174,127.817136,67
3011,26.367439,127.817431,68
3011,26.36744,127.817656,69
3011,26.366281,127.819529,70
3011,26.366297,127.81957,71
3011,26.36629362,127.8195687,72
3011,26.366264,127.819557,73
3011,26.366059,127.819877,74
3011,26.365929,127.819885,75
3011,26.365227,127.819061,76
3011,26.364977,127.818376,77
3011,26.36446,127.81735,78
3011,26.364121,127.817273,79
3011,26.363996,127.817167,80
3011,26.363946,127.817014,81
3011,26.363965,127.816868,82
3011,26.363971,127.816819,83
3011,26.36397198,127.8168189,84
3011,26.364008,127.816816,85
3011,26.364118,127.816688,86
3011,26.364338,127.816576,87
3011,26.364712,127.815682,88
3011,26.364737,127.815485,89
3011,26.364697,127.815129,90
3011,26.364905,127.815077,91
3011,26.365079,127.814964,92
3011,26.362455,127.813324,93
3011,26.361847,127.813142,94
3011,26.360614,127.813258,95
3011,26.360594,127.812659,96
3011,26.36056,127.812648,97
3011,26.360593,127.812639,98
3011,26.360551,127.81113,99
3011,26.360367,127.8104,100
3011,26.360121,127.809963,101
3011,26.359798,127.809561,102
3011,26.359206,127.808927,103
3011,26.358878,127.808481,104
3011,26.358345,127.80747,105
3011,26.358154,127.807043,106
3011,26.357494,127.806054,107
3011,26.3570163,127.8053883,108
3011,26.356737,127.804999,109
3011,26.356281,127.804261,110
3011,26.355946,127.804544,111
3011,26.355236,127.804831,112
3011,26.354662,127.805016,113
3011,26.354102,127.80503,114
3011,26.353635,127.804907,115
3011,26.353204,127.804678,116
3011,26.35212,127.803998,117
3011,26.352087,127.804018,118
3011,26.35208705,127.8040178,119
3011,26.352098,127.803983,120
3011,26.351914,127.803868,121
3011,26.351463,127.803646,122
3011,26.349868,127.803043,123
3011,26.349796,127.80307,124
3011,26.349824,127.803027,125
3011,26.349503,127.802906,126
3011,26.348438,127.802418,127
3011,26.346824,127.801554,128
3011,26.34367,127.799701,129
3011,26.343639,127.799732,130
3011,26.343662,127.799696,131
3011,26.342585,127.799063,132
3011,26.342395,127.799048,133
3011,26.34187,127.79888,134
3011,26.34091,127.798893,135
3011,26.340887,127.798919,136
3011,26.340888,127.798894,137
3011,26.340446,127.7989,138
3011,26.340088,127.798689,139
3011,26.340042,127.79857,140
3011,26.340182,127.798164,141
3011,26.340565,127.798067,142
3011,26.340659,127.797874,143
3011,26.339107,127.796775,144
3011,26.33773,127.796025,145
3011,26.337608,127.79606,146
3011,26.33570375,127.7994989,147
3011,26.335542,127.799791,148
3011,26.334894,127.801092,149
3011,26.334614,127.801928,150
3011,26.334308,127.802412,151
3011,26.333413,127.80347,152
3011,26.333406,127.803618,153
3011,26.33408973,127.8045044,154
3011,26.3341005,127.8045154,155
3012,26.33411,127.80449,1
3012,26.334163,127.804602,2
3012,26.333531,127.805267,3
3012,26.332704,127.80418,4
3012,26.33283,127.803978,5
3012,26.334249,127.802229,6
3012,26.334421,127.801975,7
3012,26.334707,127.801195,8
3012,26.334928,127.800924,9
3012,26.33538,127.799927,10
3012,26.336212,127.798437,11
3012,26.336346,127.798437,12
3012,26.33679,127.799563,13
3012,26.337446,127.800511,14
3012,26.337929,127.80121,15
3012,26.33798,127.801218,16
3012,26.340038,127.799232,17
3012,26.340402,127.798842,18
3012,26.34086,127.79884,19
3012,26.341861,127.798836,20
3012,26.342444,127.798952,21
3012,26.342663,127.79896,22
3012,26.34422,127.799882,23
3012,26.344928,127.800304,24
3012,26.346826,127.801435,25
3012,26.348528,127.802365,26
3012,26.350002,127.80302,27
3012,26.351675,127.803621,28
3012,26.351977,127.803809,29
3012,26.35174,127.804027,30
3012,26.35104,127.804292,31
3012,26.350744,127.804482,32
3012,26.350594,127.804686,33
3012,26.350457,127.805402,34
3012,26.35044,127.806139,35
3012,26.35213,127.806056,36
3012,26.352331,127.806154,37
3012,26.35395,127.806945,38
3012,26.353663,127.807998,39
3012,26.353388,127.809009,40
3012,26.353343,127.810634,41
3012,26.353237,127.811497,42
3012,26.35272,127.813545,43
3012,26.352565,127.813968,44
3012,26.352391,127.814294,45
3012,26.351851,127.815303,46
3012,26.351741,127.815823,47
3012,26.351732,127.816343,48
3012,26.351752,127.816572,49
3012,26.351762,127.816688,50
3012,26.351983,127.817514,51
3012,26.352103,127.817575,52
3012,26.353435,127.817209,53
3012,26.353876,127.817183,54
3012,26.354344,127.817217,55
3012,26.354773,127.817339,56
3012,26.355196,127.817514,57
3012,26.355492,127.817686,58
3012,26.358026,127.819153,59
3012,26.358263,127.819257,60
3012,26.359394,127.819924,61
3012,26.362399,127.821765,62
3012,26.362864,127.82205,63
3012,26.363467,127.822427,64
3012,26.363647,127.822607,65
3012,26.36709,127.824674,66
3012,26.366847,127.825228,67
3012,26.36685,127.825801,68
3012,26.366759,127.825795,69
3012,26.366761,127.825338,70
3012,26.366762,127.825222,71
3012,26.367034,127.824639,72
3012,26.369821,127.826322,73
3012,26.370654,127.826627,74
3012,26.372261,127.826873,75
3012,26.373197,127.827017,76
3012,26.373287,127.826937,77
3012,26.3734,127.826383,78
3012,26.37383,127.824274,79
3012,26.374316,127.822444,80
3012,26.374398,127.822294,81
3012,26.374584,127.821625,82
3012,26.374747,127.82124,83
3012,26.374936,127.821103,84
3012,26.376413,127.821514,85
3012,26.376604,127.821653,86
3012,26.37721,127.822094,87
3012,26.378915,127.824551,88
3012,26.379338,127.825326,89
3012,26.380004,127.826547,90
3012,26.380433,127.827045,91
3012,26.380949,127.827406,92
3012,26.381457,127.827606,93
3012,26.381903,127.82768,94
3012,26.384667,127.827629,95
3012,26.385618,127.827612,96
3012,26.386252,127.827802,97
3012,26.387644,127.828484,98
3012,26.388002,127.828536,99
3012,26.38819,127.82875,100
3012,26.388255,127.82903,101
3012,26.3883,127.829035,102
3012,26.388352,127.828963,103
3012,26.38854,127.828707,104
3012,26.388675,127.828597,105
3012,26.388635,127.828484,106
3012,26.388417,127.82858,107
3012,26.388136,127.82864,108
3012,26.387648,127.828598,109
3012,26.386231,127.827864,110
3012,26.386023,127.827791,111
3012,26.385638,127.828013,112
3012,26.385066,127.828462,113
3012,26.384796,127.828594,114
3012,26.384539,127.828683,115
3012,26.384174,127.828712,116
3012,26.384099,127.828673,117
3012,26.383427,127.828324,118
3012,26.382465,127.827987,119
3012,26.381049,127.827609,120
3012,26.380459,127.827558,121
3012,26.380342,127.827585,122
3012,26.379829,127.827829,123
3012,26.379585,127.827888,124
3012,26.37932,127.827877,125
3012,26.378958,127.82776,126
3012,26.378889,127.827707,127
3012,26.378699,127.827563,128
3012,26.378536,127.826868,129
3012,26.378532,127.826237,130
3012,26.378648,127.825894,131
3012,26.378868,127.825545,132
3012,26.378919,127.825401,133
3012,26.378984,127.824839,134
3012,26.378557,127.824138,135
3012,26.377149,127.822139,136
3012,26.376605,127.821715,137
3012,26.376428,127.821622,138
3012,26.376244,127.821525,139
3012,26.374752,127.821155,140
3012,26.371857,127.820608,141
3012,26.371743,127.820586,142
3012,26.371186,127.82042,143
3012,26.37075,127.820216,144
3012,26.370057,127.819732,145
3012,26.367742,127.817843,146
3012,26.367156,127.817274,147
3012,26.367104,127.817132,148
3012,26.36715,127.816976,149
3012,26.368144,127.815802,150
3012,26.368351,127.816147,151
3012,26.368237,127.816316,152
3012,26.367998,127.816672,153
3012,26.367681,127.816412,154
3012,26.367179,127.817011,155
3012,26.367174,127.817136,156
3012,26.367439,127.817431,157
3012,26.36744,127.817656,158
3012,26.3663,127.819497,159
3012,26.366261,127.819558,160
3012,26.366059,127.819877,161
3012,26.365929,127.819885,162
3012,26.365227,127.819061,163
3012,26.364977,127.818376,164
3012,26.36446,127.81735,165
3012,26.364121,127.817273,166
3012,26.363996,127.817167,167
3012,26.363946,127.817014,168
3012,26.363965,127.816868,169
3012,26.363997,127.816831,170
3012,26.364118,127.816688,171
3012,26.364338,127.816576,172
3012,26.364712,127.815682,173
3012,26.364737,127.815485,174
3012,26.364697,127.815129,175
3012,26.364905,127.815077,176
3012,26.365079,127.814964,177
3012,26.362455,127.813324,178
3012,26.361847,127.813142,179
3012,26.360614,127.813258,180
3012,26.360595,127.812633,181
3012,26.360551,127.81113,182
3012,26.360367,127.8104,183
3012,26.360121,127.809963,184
3012,26.359798,127.809561,185
3012,26.359206,127.808927,186
3012,26.358878,127.808481,187
3012,26.358345,127.80747,188
3012,26.358154,127.807043,189
3012,26.357494,127.806054,190
3012,26.357016,127.805388,191
3012,26.356737,127.804999,192
3012,26.356281,127.804261,193
3012,26.355946,127.804544,194
3012,26.355236,127.804831,195
3012,26.354662,127.805016,196
3012,26.354102,127.80503,197
3012,26.353635,127.804907,198
3012,26.353204,127.804678,199
3012,26.352089,127.803978,200
3012,26.351914,127.803868,201
3012,26.351463,127.803646,202
3012,26.349796,127.803017,203
3012,26.349503,127.802906,204
3012,26.348438,127.802418,205
3012,26.346824,127.801554,206
3012,26.343654,127.799691,207
3012,26.342585,127.799063,208
3012,26.342395,127.799048,209
3012,26.34187,127.79888,210
3012,26.340877,127.798894,211
3012,26.340446,127.7989,212
3012,26.340088,127.798689,213
3012,26.340042,127.79857,214
3012,26.340182,127.798164,215
3012,26.340565,127.798067,216
3012,26.340659,127.797874,217
3012,26.339107,127.796775,218
3012,26.33773,127.796025,219
3012,26.337608,127.79606,220
3012,26.335704,127.799499,221
3012,26.335542,127.799791,222
3012,26.334894,127.801092,223
3012,26.334614,127.801928,224
3012,26.334308,127.802412,225
3012,26.333413,127.80347,226
3012,26.333406,127.803618,227
3012,26.3341005,127.8045154,228
3013,26.33411,127.80449,1
3013,26.334163,127.804602,2
3013,26.333531,127.805267,3
3013,26.332704,127.80418,4
3013,26.33283,127.803978,5
3013,26.334249,127.802229,6
3013,26.334421,127.801975,7
3013,26.334707,127.801195,8
3013,26.334928,127.800924,9
3013,26.33538,127.799927,10
3013,26.336212,127.798437,11
3013,26.336346,127.798437,12
3013,26.33679,127.799563,13
3013,26.33744578,127.8005113,14
3013,26.337929,127.80121,15
3013,26.33798,127.801218,16
3013,26.340038,127.799232,17
3013,26.340402,127.798842,18
3013,26.34086014,127.7988401,19
3013,26.341861,127.798836,20
3013,26.342444,127.798952,21
3013,26.342663,127.79896,22
3013,26.34422,127.799882,23
3013,26.34492834,127.8003041,24
3013,26.346826,127.801435,25
3013,26.348528,127.802365,26
3013,26.350002,127.80302,27
3013,26.351675,127.803621,28
3013,26.351977,127.803809,29
3013,26.35174,127.804027,30
3013,26.35104,127.804292,31
3013,26.350744,127.804482,32
3013,26.350594,127.804686,33
3013,26.350457,127.805402,34
3013,26.35044,127.806139,35
3013,26.35213,127.806056,36
3013,26.3523309,127.8061541,37
3013,26.35395,127.806945,38
3013,26.35366337,127.8079977,39
3013,26.353388,127.809009,40
3013,26.353343,127.810634,41
3013,26.353237,127.811497,42
3013,26.35272,127.813545,43
3013,26.352565,127.813968,44
3013,26.35239053,127.8142942,45
3013,26.351851,127.815303,46
3013,26.351741,127.815823,47
3013,26.351732,127.816343,48
3013,26.35175195,127.8165724,49
3013,26.351762,127.816688,50
3013,26.351983,127.817514,51
3013,26.352103,127.817575,52
3013,26.353435,127.817209,53
3013,26.353876,127.817183,54
3013,26.354344,127.817217,55
3013,26.354773,127.817339,56
3013,26.355196,127.817514,57
3013,26.35549223,127.8176856,58
3013,26.358026,127.819153,59
3013,26.358263,127.819257,60
3013,26.359394,127.819924,61
3013,26.3623985,127.8217648,62
3013,26.362864,127.82205,63
3013,26.363467,127.822427,64
3013,26.363647,127.822607,65
3013,26.36709,127.824674,66
3013,26.366847,127.825228,67
3013,26.36685,127.825801,68
3013,26.366759,127.825795,69
3013,26.36676139,127.8253383,70
3013,26.366762,127.825222,71
3013,26.367034,127.824639,72
3013,26.369821,127.826322,73
3013,26.370654,127.826627,74
3013,26.37226096,127.8268734,75
3013,26.373197,127.827017,76
3013,26.373287,127.826937,77
3013,26.3734,127.8263828,78
3013,26.37383,127.824274,79
3013,26.374316,127.822444,80
3013,26.374398,127.822294,81
3013,26.374584,127.821625,82
3013,26.374747,127.82124,83
3013,26.374936,127.821103,84
3013,26.376413,127.821514,85
3013,26.37660445,127.8216533,86
3013,26.37721,127.822094,87
3013,26.378915,127.824551,88
3013,26.37933768,127.8253257,89
3013,26.380004,127.826547,90
3013,26.380433,127.827045,91
3013,26.380949,127.827406,92
3013,26.381457,127.827606,93
3013,26.381903,127.82768,94
3013,26.38466675,127.8276294,95
3013,26.385618,127.827612,96
3013,26.386252,127.827802,97
3013,26.387644,127.828484,98
3013,26.388002,127.828536,99
3013,26.38819,127.82875,100
3013,26.388255,127.82903,101
3013,26.3883,127.829035,102
3013,26.3883522,127.8289632,103
3013,26.388356,127.828958,104
4011,26.33148,127.834041,1
4011,26.330193,127.832825,2
4011,26.329314,127.834269,3
4011,26.328893,127.83401,4
4011,26.328844,127.833979,5
4011,26.328824,127.833977,6
4011,26.328818,127.833964,7
4011,26.326869,127.832764,8
4011,26.326574,127.832621,9
4011,26.32629,127.832526,10
4011,26.325877,127.832458,11
4011,26.325569,127.832436,12
4011,26.325445,127.832452,13
4011,26.325404,127.832472,14
4011,26.325379,127.832461,15
4011,26.325058,127.832599,16
4011,26.324845,127.832778,17
4011,26.324617,127.833139,18
4011,26.32436,127.833899,19
4011,26.321073,127.832475,20
4011,26.32084,127.833147,21
4011,26.320828,127.833274,22
4011,26.320777,127.833326,23
4011,26.31923,127.837785,24
4011,26.318932,127.837658,25
4011,26.318894,127.837659,26
4011,26.318879,127.837635,27
4011,26.316062,127.836431,28
4011,26.316009,127.836433,29
4011,26.315994,127.836402,30
4011,26.314624,127.835817,31
4011,26.314432,127.835648,32
4011,26.315902,127.831371,33
4011,26.315888,127.831351,34
4011,26.31589318,127.8313508,35
4011,26.315909,127.83135,36
4011,26.316251,127.830447,37
4011,26.315484,127.8301,38
4011,26.310742,127.828053,39
4011,26.310098,127.827672,40
4011,26.3093,127.827074,41
4011,26.308592,127.826313,42
4011,26.307934,127.825326,43
4011,26.307526,127.824482,44
4011,26.307185,127.823435,45
4011,26.306728,127.820564,46
4011,26.306564,127.819461,47
4011,26.306557,127.819453,48
4011,26.306561,127.819444,49
4011,26.306282,127.8174,50
4011,26.306159,127.817092,51
4011,26.307146,127.816615,52
4011,26.30828141,127.8158878,53
4011,26.308531,127.815728,54
4011,26.308706,127.815509,55
4011,26.308818,127.815253,56
4011,26.30943,127.81474,57
4011,26.311854,127.81662,58
4011,26.31219705,127.8169934,59
4011,26.313851,127.818794,60
4011,26.314305,127.818988,61
4011,26.315195,127.819015,62
4011,26.315112,127.820359,63
4011,26.314972,127.820839,64
4011,26.314738,127.82123,65
4011,26.314496,127.821469,66
4011,26.314129,127.821679,67
4011,26.313093,127.821916,68
4011,26.312772,127.82212,69
4011,26.312554,127.822661,70
4011,26.31494156,127.8237288,71
4011,26.318202,127.825187,72
4011,26.318699,127.825544,73
4011,26.31887813,127.8257174,74
4011,26.319662,127.826476,75
4011,26.321315,127.828302,76
4011,26.321898,127.828813,77
4011,26.32213245,127.8289361,78
4011,26.322711,127.82924,79
4011,26.323477,127.827473,80
4011,26.32399917,127.8257773,81
4011,26.324043,127.825635,82
4011,26.324705,127.823848,83
4011,26.325287,127.8229,84
4011,26.325802,127.82202,85
4011,26.3259021,127.8217489,86
4011,26.325984,127.821527,87
4011,26.326498,127.819215,88
4011,26.326562,127.818582,89
4011,26.326495,127.818012,90
4011,26.32633,127.817578,91
4011,26.326108,127.817206,92
4011,26.325843,127.816897,93
4011,26.325547,127.816604,94
4011,26.325267,127.816321,95
4011,26.325087,127.816023,96
4011,26.324982,127.815707,97
4011,26.325001,127.815394,98
4011,26.325073,127.815148,99
4011,26.325254,127.814868,100
4011,26.325539,127.814652,101
4011,26.325831,127.814559,102
4011,26.32683509,127.8144523,103
4011,26.327637,127.814367,104
4011,26.32809,127.814272,105
4011,26.328446,127.814082,106
4011,26.32888,127.813676,107
4011,26.329365,127.813109,108
4011,26.329588,127.812706,109
4011,26.32964,127.812546,110
4011,26.329898,127.812609,111
4011,26.329894,127.812682,112
4011,26.3299,127.812702,113
4011,26.32989855,127.8127059,114
4011,26.329894,127.812718,115
4011,26.329886,127.812814,116
4011,26.32959,127.812716,117
4011,26.329698,127.81237,118
4011,26.329846,127.81171,119
4011,26.329977,127.811189,120
4011,26.330654,127.809737,121
4011,26.330749,127.809338,122
4011,26.330707,127.808582,123
4011,26.330601,127.808151,124
4011,26.330633,127.807858,125
4011,26.330786,127.807427,126
4011,26.331077,127.807018,127
4011,26.332077,127.806,128
4011,26.332356,127.805679,129
4011,26.332485,127.805362,130
4011,26.332554,127.804573,131
4011,26.33279,127.804032,132
4011,26.333287,127.803447,133
4011,26.33409811,127.8045013,134
4011,26.3341005,127.8045154,135
4012,26.33411,127.80449,1
4012,26.3341335,127.8045392,2
4012,26.334163,127.804602,3
4012,26.333976,127.804781,4
4012,26.333173,127.803755,5
4012,26.332806,127.804226,6
4012,26.332676,127.804773,7
4012,26.332611,127.805394,8
4012,26.33249,127.805692,9
4012,26.332225,127.806,10
4012,26.331716,127.806437,11
4012,26.331484,127.806663,12
4012,26.331033,127.807153,13
4012,26.330807,127.807494,14
4012,26.330656,127.807989,15
4012,26.330805,127.80932,16
4012,26.330703,127.809763,17
4012,26.330518,127.810172,18
4012,26.330121,127.810938,19
4012,26.329937,127.811467,20
4012,26.329696,127.812504,21
4012,26.329678,127.812553,22
4012,26.329898,127.812609,23
4012,26.329894,127.812689,24
4012,26.3298988,127.8127106,25
4012,26.3299,127.812716,26
4012,26.329893,127.812734,27
4012,26.329886,127.812814,28
4012,26.329612,127.812726,29
4012,26.329591,127.812778,30
4012,26.329401,127.813139,31
4012,26.328812,127.813803,32
4012,26.328525,127.814071,33
4012,26.328129,127.814305,34
4012,26.327725,127.814395,35
4012,26.32701166,127.8144717,36
4012,26.325865,127.814595,37
4012,26.325531,127.814713,38
4012,26.325384,127.814801,39
4012,26.325219,127.814971,40
4012,26.325096,127.81519,41
4012,26.325029,127.815473,42
4012,26.325027,127.815741,43
4012,26.32512,127.816029,44
4012,26.325278,127.816278,45
4012,26.325867,127.816872,46
4012,26.326159,127.817221,47
4012,26.326377,127.817592,48
4012,26.326522,127.818017,49
4012,26.326587,127.818382,50
4012,26.326588,127.818792,51
4012,26.326502,127.81935,52
4012,26.326005,127.821569,53
4012,26.32590683,127.8218383,54
4012,26.325826,127.82206,55
4012,26.324794,127.823851,56
4012,26.326232,127.824667,57
4012,26.32789115,127.8255213,58
4012,26.328011,127.825583,59
4012,26.330454,127.826904,60
4012,26.3309102,127.8271828,61
4012,26.331377,127.827468,62
4012,26.331687,127.827412,63
4012,26.331885,127.827196,64
4012,26.332135,127.826701,65
4012,26.332251,127.82655,66
4012,26.332407,127.826518,67
4012,26.334183,127.827076,68
4012,26.334679,127.827319,69
4012,26.33498659,127.8275088,70
4012,26.335115,127.827588,71
4012,26.335374,127.827652,72
4012,26.335565,127.82777,73
4012,26.336087,127.828476,74
4012,26.336569,127.82903,75
4012,26.336885,127.829713,76
4012,26.336981,127.830118,77
4012,26.33681956,127.830653,78
4012,26.336455,127.831861,79
4012,26.335518,127.83231,80
4012,26.334916,127.832936,81
4012,26.33353329,127.834332,82
4012,26.33262,127.835254,83
4012,26.3321,127.834596,84
4012,26.33150446,127.8340199,85
4012,26.3303299,127.8328836,86
4012,26.3301487,127.8328744,87
4012,26.329735,127.8335221,88
4012,26.329373,127.8341369,89
4012,26.3292611,127.8341966,90
4012,26.32883585,127.8339395,91
4012,26.326887,127.8327613,92
4012,26.3265968,127.8326143,93
4012,26.3264518,127.8325534,94
4012,26.3262948,127.8325139,95
4012,26.3261388,127.8324726,96
4012,26.3258842,127.8324419,97
4012,26.3255666,127.8324172,98
4012,26.32539377,127.8324488,99
4012,26.3253588,127.8324552,100
4012,26.3251073,127.8325601,101
4012,26.3248186,127.8327874,102
4012,26.3246386,127.8330532,103
4012,26.3243407,127.83381,104
4012,26.3242686,127.8338507,105
4012,26.3227478,127.8331709,106
4012,26.3211314,127.8324957,107
4012,26.3210417,127.8325447,108
4012,26.32079282,127.8332646,109
4012,26.31923,127.837785,110
4012,26.31889359,127.8376413,111
4012,26.31601132,127.8364097,112
4012,26.314624,127.835817,113
4012,26.314445,127.835661,114
4012,26.31593918,127.831348,115
4012,26.316261,127.830419,116
4012,26.310742,127.828053,117
4012,26.310098,127.827672,118
4012,26.3093,127.827074,119
4012,26.308592,127.826313,120
4012,26.307934,127.825326,121
4012,26.307526,127.824482,122
4012,26.307185,127.823435,123
4012,26.3065973,127.819563,124
4012,26.30658396,127.8194557,125
4012,26.3063964,127.8179464,126
4012,26.3063428,127.8174988,127
4012,26.3062676,127.817164,128
4012,26.3063189,127.8170156,129
4012,26.307146,127.816615,130
4012,26.30828141,127.8158878,131
4012,26.308531,127.815728,132
4012,26.308706,127.815509,133
4012,26.308818,127.815253,134
4012,26.30943,127.81474,135
4012,26.311854,127.81662,136
4012,26.31219705,127.8169934,137
4012,26.313851,127.818794,138
4012,26.314305,127.818988,139
4012,26.315195,127.819015,140
4012,26.315112,127.820359,141
4012,26.314972,127.820839,142
4012,26.314738,127.82123,143
4012,26.314496,127.821469,144
4012,26.314129,127.821679,145
4012,26.313093,127.821916,146
4012,26.312772,127.82212,147
4012,26.312554,127.822661,148
4012,26.31494156,127.8237288,149
4012,26.318202,127.825187,150
4012,26.318699,127.825544,151
4012,26.31887813,127.8257174,152
4012,26.319662,127.826476,153
4012,26.321315,127.828302,154
4012,26.321898,127.828813,155
4012,26.32213217,127.8289366,156
4012,26.3226074,127.8291874,157
4012,26.3227591,127.8291166,158
4012,26.323477,127.827473,159
4012,26.32398989,127.8257734,160
4012,26.324043,127.8255974,161
4012,26.324705,127.823848,162
4012,26.325287,127.8229,163
4012,26.325802,127.82202,164
4012,26.3259021,127.8217489,165
4012,26.325984,127.821527,166
4012,26.326498,127.819215,167
4012,26.326562,127.818582,168
4012,26.326495,127.818012,169
4012,26.32633,127.817578,170
4012,26.326108,127.817206,171
4012,26.325843,127.816897,172
4012,26.325547,127.816604,173
4012,26.325267,127.816321,174
4012,26.325087,127.816023,175
4012,26.324982,127.815707,176
4012,26.325001,127.815394,177
4012,26.325073,127.815148,178
4012,26.325254,127.814868,179
4012,26.325539,127.814652,180
4012,26.325831,127.814559,181
4012,26.32683509,127.8144523,182
4012,26.327637,127.814367,183
4012,26.32809,127.814272,184
4012,26.328446,127.814082,185
4012,26.32888,127.813676,186
4012,26.329365,127.813109,187
4012,26.329588,127.812706,188
4012,26.32964,127.812546,189
4012,26.329898,127.812609,190
4012,26.329894,127.812682,191
4012,26.3299,127.812702,192
4012,26.32989855,127.8127059,193
4012,26.329894,127.812718,194
4012,26.329886,127.812814,195
4012,26.32959,127.812716,196
4012,26.329698,127.81237,197
4012,26.329846,127.81171,198
4012,26.329977,127.811189,199
4012,26.330654,127.809737,200
4012,26.330749,127.809338,201
4012,26.330707,127.808582,202
4012,26.330601,127.808151,203
4012,26.330633,127.807858,204
4012,26.330786,127.807427,205
4012,26.331077,127.807018,206
4012,26.332077,127.806,207
4012,26.332356,127.805679,208
4012,26.332485,127.805362,209
4012,26.332554,127.804573,210
4012,26.33279,127.804032,211
4012,26.333287,127.803447,212
4012,26.3340816,127.8044876,213
4012,26.3341005,127.8045154,214
4013,26.33411,127.80449,1
4013,26.3341335,127.8045392,2
4013,26.334163,127.804602,3
4013,26.333976,127.804781,4
4013,26.333173,127.803755,5
4013,26.332806,127.804226,6
4013,26.332676,127.804773,7
4013,26.332611,127.805394,8
4013,26.33249,127.805692,9
4013,26.332225,127.806,10
4013,26.331716,127.806437,11
4013,26.331484,127.806663,12
4013,26.331033,127.807153,13
4013,26.330807,127.807494,14
4013,26.330656,127.807989,15
4013,26.330805,127.80932,16
4013,26.330703,127.809763,17
4013,26.330518,127.810172,18
4013,26.330121,127.810938,19
4013,26.329937,127.811467,20
4013,26.329696,127.812504,21
4013,26.329678,127.812553,22
4013,26.329898,127.812609,23
4013,26.329894,127.812689,24
4013,26.3298988,127.8127106,25
4013,26.3299,127.812716,26
4013,26.329893,127.812734,27
4013,26.329886,127.812814,28
4013,26.329612,127.812726,29
4013,26.329591,127.812778,30
4013,26.329401,127.813139,31
4013,26.328812,127.813803,32
4013,26.328525,127.814071,33
4013,26.328129,127.814305,34
4013,26.327725,127.814395,35
4013,26.32701166,127.8144717,36
4013,26.325865,127.814595,37
4013,26.325531,127.814713,38
4013,26.325384,127.814801,39
4013,26.325219,127.814971,40
4013,26.325096,127.81519,41
4013,26.325029,127.815473,42
4013,26.325027,127.815741,43
4013,26.32512,127.816029,44
4013,26.325278,127.816278,45
4013,26.325867,127.816872,46
4013,26.326159,127.817221,47
4013,26.326377,127.817592,48
4013,26.326522,127.818017,49
4013,26.326587,127.818382,50
4013,26.326588,127.818792,51
4013,26.326502,127.81935,52
4013,26.326005,127.821569,53
4013,26.32590683,127.8218383,54
4013,26.325826,127.82206,55
4013,26.324794,127.823851,56
4013,26.326232,127.824667,57
4013,26.32789115,127.8255213,58
4013,26.328011,127.825583,59
4013,26.330454,127.826904,60
4013,26.3309102,127.8271828,61
4013,26.331377,127.827468,62
4013,26.331687,127.827412,63
4013,26.331885,127.827196,64
4013,26.332135,127.826701,65
4013,26.332251,127.82655,66
4013,26.332407,127.826518,67
4013,26.334183,127.827076,68
4013,26.334679,127.827319,69
4013,26.33498659,127.8275088,70
4013,26.335115,127.827588,71
4013,26.335374,127.827652,72
4013,26.335565,127.82777,73
4013,26.336087,127.828476,74
4013,26.336569,127.82903,75
4013,26.336885,127.829713,76
4013,26.336981,127.830118,77
4013,26.33681956,127.830653,78
4013,26.336455,127.831861,79
4013,26.335518,127.83231,80
4013,26.334916,127.832936,81
4013,26.33353331,127.834332,82
4013,26.3334399,127.8344263,83
