shape_id,shape_pt_lat,shape_pt_lon,shape_pt_sequence
101,26.320266,127.79935,1
101,26.3202664,127.7993808,2
101,26.3199074,127.7997361,3
101,26.320791,127.8001089,4
101,26.3213914,127.80007,5
101,26.3219053,127.8001786,6
101,26.321975,127.8010785,7
101,26.3220399,127.8015921,8
101,26.323367,127.8014714,9
101,26.3241555,127.801399,10
101,26.3241892,127.8017557,11
101,26.3228069,127.8018808,12
101,26.3227804,127.8015606,13
101,26.3220255,127.8016283,14
101,26.3195492,127.8018389,15
101,26.319102,127.8018147,16
101,26.3185803,127.8015827,17
101,26.3181067,127.8012649,18
101,26.3180154,127.8024478,19
101,26.3181019,127.8032658,20
101,26.3178183,127.8044031,21
101,26.3180394,127.804623,22
101,26.3182606,127.804725,23
101,26.3184818,127.8047706,24
101,26.3191021,127.8047572,25
101,26.3194026,127.8049369,26
101,26.3197212,127.8054559,27
101,26.3200734,127.8062967,28
101,26.3200998,127.8067125,29
101,26.3197896,127.8078363,30
101,26.3187126,127.8076298,31
101,26.3186597,127.8072804,32
101,26.3184625,127.8065556,33
101,26.3181788,127.8061955,34
101,26.3179913,127.805889,35
101,26.3178399,127.8052319,36
101,26.3177654,127.8044245,37
101,26.3180563,127.8032336,38
101,26.3179721,127.8024826,39
101,26.3180875,127.8010879,40
101,26.3180274,127.8005514,41
101,26.3179288,127.800133,42
101,26.3177245,127.7997763,43
101,26.3177606,127.7995644,44
101,26.3172124,127.7990387,45
101,26.3175442,127.7984486,46
101,26.3176548,127.7980999,47
101,26.3176554,127.797775,48
101,26.3176368,127.7975735,49
101,26.317686,127.7973154,50
101,26.3174961,127.7970136,51
101,26.3173374,127.7963672,52
101,26.3169014,127.7963874,53
101,26.316897,127.7965651,54
101,26.3166761,127.7966834,55
101,26.3166382,127.7966023,56
101,26.3168312,127.7964944,57
101,26.3168324,127.7963965,58
101,26.3161618,127.7964208,59
101,26.3150276,127.7964812,60
101,26.3147204,127.7965415,61
101,26.3147168,127.7963162,62
101,26.3150341,127.7964061,63
101,26.3163228,127.7963511,64
101,26.3164046,127.7977244,65
101,26.3163517,127.7990923,66
101,26.3154598,127.7988268,67
101,26.3153443,127.7992961,68
101,26.3151195,127.7994973,69
101,26.3147619,127.7996462,70
101,26.314385,127.7996395,71
101,26.3140412,127.7995107,72
101,26.3136926,127.799205,73
101,26.3123125,127.7979067,74
101,26.3120745,127.7977458,75
101,26.3118256,127.7976868,76
101,26.3115762,127.7977109,77
101,26.3113408,127.7978356,78
101,26.3109395,127.7981072,79
101,26.3107292,127.7981572,80
101,26.3104749,127.7980641,81
101,26.3103145,127.7978906,82
101,26.310246,127.7976761,83
101,26.3101414,127.7974025,84
101,26.3099827,127.7971879,85
101,26.3087444,127.7959031,86
101,26.3082275,127.7961593,87
101,26.3078837,127.7964799,88
101,26.307725,127.7968446,89
101,26.3076048,127.797322,90
101,26.3074509,127.7975715,91
101,26.306821,127.7980087,92
101,26.3064916,127.7980758,93
101,26.3061682,127.7980449,94
101,26.3059367,127.7981019,95
101,26.3057221,127.7979899,96
101,26.3055094,127.7980664,97
101,26.3050519,127.7983942,98
101,26.3047895,127.7984402,99
101,26.3046089,127.7983466,100
101,26.304733,127.7981432,101
101,26.30491,127.7976715,102
101,26.3048985,127.7973397,103
101,26.3050343,127.7971643,104
101,26.3054837,127.7971728,105
101,26.3057044,127.7970397,106
101,26.3067639,127.7961298,107
101,26.3069521,127.7958871,108
101,26.3070254,127.7955921,109
101,26.3069067,127.7953463,110
101,26.3066629,127.795008,111
101,26.3064543,127.7950288,112
101,26.306358,127.7949113,113
101,26.3063302,127.7946704,114
101,26.306628,127.7945118,115
101,26.3065495,127.7940308,116
101,26.3061727,127.7933085,117
101,26.3061482,127.7930435,118
101,26.3063475,127.7919078,119
101,26.3066017,127.7914093,120
101,26.3068559,127.7910771,121
101,26.3068685,127.7906014,122
101,26.306962,127.790583,123
101,26.3069669,127.7909555,124
101,26.3069083,127.7909536,125
101,26.306869,127.7911208,126
101,26.3066863,127.7913354,127
101,26.3065096,127.7913931,128
101,26.3060684,127.7919121,129
101,26.3060005,127.7922172,130
101,26.3058006,127.7927077,131
101,26.3055612,127.7931112,132
101,26.3053939,127.7932197,133
101,26.3045612,127.7927951,134
101,26.3043204,127.7926927,135
101,26.3040219,127.7926896,136
101,26.3038761,127.7933531,137
101,26.3034668,127.7933632,138
101,26.3033405,127.7930412,139
101,26.3031133,127.7926496,140
101,26.3024545,127.7922473,141
101,26.3023487,127.7925611,142
101,26.3021419,127.7927247,143
101,26.3019351,127.7927623,144
101,26.3011728,127.7927918,145
101,26.3007328,127.7926751,146
101,26.3004839,127.7926375,147
101,26.3003781,127.793516,148
101,26.3003258,127.7940658,149
101,26.3003613,127.7946157,150
101,26.3003296,127.7949745,151
101,26.3004951,127.795183,152
101,26.3008116,127.7963296,153
101,26.3011368,127.7975179,154
101,26.301233,127.7979028,155
101,26.3012738,127.7983098,156
101,26.3012606,127.7988325,157
101,26.3011608,127.7995483,158
101,26.3009985,127.8003637,159
101,26.3010544,127.8007472,160
101,26.3013796,127.8013668,161
101,26.3022873,127.8013856,162
101,26.3024045,127.8015398,163
101,26.3034634,127.8018959,164
101,26.3035557,127.8019676,165
101,26.3042097,127.8019033,166
101,26.3046689,127.8017786,167
101,26.30476,127.801568,168
101,26.304806,127.8017665,169
101,26.3042193,127.8019301,170
101,26.3035749,127.8020079,171
101,26.3036927,127.802372,172
101,26.303599,127.802779,173
101,26.3032118,127.8029178,174
101,26.3030183,127.8029121,175
101,26.3028397,127.8030166,176
101,26.3022433,127.8031205,177
101,26.302028,127.8032886,178
101,26.3017839,127.803623,179
101,26.3015987,127.8037071,180
101,26.301625,127.8044467,181
101,26.3014915,127.8050177,182
101,26.3013002,127.8053177,183
101,26.3027814,127.8074984,184
101,26.3029522,127.8081206,185
101,26.3029991,127.8087697,186
101,26.3028103,127.8094456,187
101,26.3015503,127.8116397,188
101,26.3013363,127.8122673,189
101,26.3013303,127.812903,190
101,26.3015365,127.8135561,191
101,26.3020072,127.8141663,192
101,26.3025602,127.8145204,193
101,26.3057101,127.816194,194
101,26.3061501,127.816709,195
101,26.306298,127.8170524,196
101,26.3059217,127.8171865,197
101,26.306292,127.819689,198
101,26.3058315,127.8197815,199
101,26.3059024,127.8202656,200
101,26.3066815,127.8201423,201
101,26.3064843,127.8187449,202
101,26.306304,127.8173005,203
101,26.3060551,127.8167661,204
101,26.3055898,127.8162317,205
101,26.3024328,127.8145686,206
101,26.3019074,127.8142146,207
101,26.3014283,127.813603,208
101,26.3012185,127.8129646,209
101,26.3012257,127.8122271,210
101,26.3014638,127.8115055,211
101,26.3025602,127.8096495,212
101,26.3008722,127.8089682,213
101,26.2998094,127.8087536,214
101,26.298826,127.8087751,215
101,26.2980253,127.8090218,216
101,26.2966618,127.8088636,217
101,26.2949413,127.8091439,218
101,26.2949443,127.8108477,219
101,26.2964403,127.8111646,220
101,26.2963757,127.8113285,221
101,26.2957312,127.811181,222
101,26.2957504,127.8110456,223
101,26.2949184,127.8108806,224
101,26.2949064,127.809105,225
101,26.2966967,127.808806,226
101,26.2980484,127.8089431,227
101,26.2988326,127.8087047,228
101,26.2998431,127.8086839,229
101,26.300805,127.8088851,230
101,26.3026132,127.8096026,231
101,26.3028921,127.8087402,232
101,26.3028488,127.8080858,233
101,26.3026804,127.8075359,234
101,26.3011848,127.8052909,235
101,26.3014565,127.8049891,236
101,26.30159,127.8044199,237
101,26.3015503,127.8036467,238
101,26.3017878,127.8035857,239
101,26.3020243,127.8032575,240
101,26.3022392,127.8030928,241
101,26.3028334,127.8029892,242
101,26.3030189,127.8028856,243
101,26.3032186,127.8028781,244
101,26.3035867,127.8027311,245
101,26.3036565,127.8023721,246
101,26.303528,127.8019714,247
101,26.3042097,127.8019033,248
101,26.3046689,127.8017786,249
101,26.30476,127.801568,250
101,26.304806,127.8017665,251
101,26.3042193,127.8019301,252
101,26.3035518,127.8020109,253
101,26.3034421,127.8019227,254
101,26.3030042,127.8017889,255
101,26.3017657,127.8014404,256
101,26.3013544,127.8014084,257
101,26.3010262,127.8007499,258
101,26.3009781,127.8003677,259
101,26.3011416,127.7994658,260
101,26.301233,127.7988482,261
101,26.3012474,127.7983336,262
101,26.3012089,127.7979262,263
101,26.3011271,127.797546,264
101,26.3008109,127.7964131,265
101,26.3004707,127.7951944,266
101,26.3002206,127.7949,267
101,26.3003613,127.7933443,268
101,26.3004466,127.7925799,269
101,26.3011752,127.7927623,270
101,26.3019688,127.7927301,271
101,26.3021359,127.7926878,272
101,26.3023222,127.7925437,273
101,26.3024448,127.7921963,274
101,26.3031494,127.7926335,275
101,26.3033754,127.7930453,276
101,26.303486,127.7933343,277
101,26.3038563,127.7933229,278
101,26.3039958,127.7926604,279
101,26.304354,127.7926684,280
101,26.3053952,127.7931888,281
101,26.3055573,127.7930723,282
101,26.3057531,127.7927359,283
101,26.3059668,127.7922346,284
101,26.3060335,127.7918973,285
101,26.3065114,127.7913561,286
101,26.3066884,127.7912971,287
101,26.3068559,127.7910771,288
101,26.3068685,127.7906014,289
101,26.306962,127.790583,290
101,26.3069669,127.7909555,291
101,26.3069083,127.7909536,292
101,26.306869,127.7911208,293
101,26.3066863,127.7913354,294
101,26.3063701,127.7919174,295
101,26.3061759,127.7930533,296
101,26.3062087,127.7933155,297
101,26.3065781,127.7940337,298
101,26.3066508,127.7945312,299
101,26.3066803,127.7950019,300
101,26.3064543,127.7950288,301
101,26.306358,127.7949113,302
101,26.3063302,127.7946704,303
101,26.3066507,127.7945027,304
101,26.3066815,127.7950162,305
101,26.3069362,127.7953614,306
101,26.307049,127.7955914,307
101,26.306968,127.7959342,308
101,26.3067543,127.7961861,309
101,26.3057054,127.7970805,310
101,26.3054793,127.7972156,311
101,26.3050512,127.7971947,312
101,26.304931,127.7973505,313
101,26.304931,127.7977155,314
101,26.3047625,127.7981778,315
101,26.3046609,127.7983397,316
101,26.3048045,127.798405,317
101,26.3050293,127.7983639,318
101,26.3055024,127.7980379,319
101,26.3057343,127.7979544,320
101,26.3059491,127.79806,321
101,26.3061447,127.7980101,322
101,26.3064782,127.7980442,323
101,26.3068133,127.797973,324
101,26.3074257,127.7975571,325
101,26.3075847,127.7972962,326
101,26.3077004,127.7968368,327
101,26.3078548,127.7964758,328
101,26.3081877,127.7961483,329
101,26.3087468,127.7958656,330
101,26.3100092,127.7971906,331
101,26.3101729,127.7974131,332
101,26.3102693,127.7976718,333
101,26.3103391,127.7978857,334
101,26.3104918,127.7980476,335
101,26.3107364,127.7981272,336
101,26.3109378,127.7980808,337
101,26.3112991,127.797823,338
101,26.3115599,127.7976828,339
101,26.311816,127.7976627,340
101,26.3120673,127.797715,341
101,26.3123294,127.7978799,342
101,26.313677,127.7991406,343
101,26.3140538,127.7994866,344
101,26.3143826,127.7996073,345
101,26.3147571,127.799615,346
101,26.3150907,127.7994833,347
101,26.3153251,127.7992841,348
101,26.3154477,127.7987463,349
101,26.3162682,127.7989937,350
101,26.3162904,127.797782,351
101,26.3161618,127.7964208,352
101,26.3150276,127.7964812,353
101,26.3147204,127.7965415,354
101,26.3147168,127.7963162,355
101,26.3150341,127.7964061,356
101,26.3163228,127.7963511,357
101,26.316902,127.7963522,358
101,26.316897,127.7965651,359
101,26.3166761,127.7966834,360
101,26.3166382,127.7966023,361
101,26.3168312,127.7964944,362
101,26.3168301,127.7963403,363
101,26.3173615,127.7963403,364
101,26.3175178,127.7970082,365
101,26.3177173,127.7973221,366
101,26.3176656,127.7975856,367
101,26.3176843,127.7977952,368
101,26.3176716,127.7981174,369
101,26.3175587,127.7984855,370
101,26.3172461,127.7990356,371
101,26.3177943,127.7995617,372
101,26.3177678,127.7997682,373
101,26.3179625,127.8001304,374
101,26.3180731,127.8005635,375
101,26.3181146,127.8011688,376
101,26.3180154,127.8024478,377
101,26.3181019,127.8032658,378
101,26.3178183,127.8044031,379
101,26.3180394,127.804623,380
101,26.3182606,127.804725,381
101,26.3184818,127.8047706,382
101,26.3191021,127.8047572,383
101,26.3194026,127.8049369,384
101,26.3197212,127.8054559,385
101,26.3200734,127.8062967,386
101,26.3200998,127.8067125,387
101,26.3197896,127.8078363,388
101,26.3187126,127.8076298,389
101,26.3186597,127.8072804,390
101,26.3184625,127.8065556,391
101,26.3181788,127.8061955,392
101,26.3179913,127.805889,393
101,26.3178399,127.8052319,394
101,26.3177654,127.8044245,395
101,26.3180563,127.8032336,396
101,26.3179661,127.802437,397
101,26.3180695,127.8011757,398
101,26.3185972,127.8015517,399
101,26.3191069,127.8017708,400
101,26.3195733,127.8017941,401
101,26.3220399,127.8015921,402
101,26.323367,127.8014714,403
101,26.3241555,127.801399,404
101,26.3241892,127.8017557,405
101,26.3228069,127.8018808,406
101,26.3227804,127.8015606,407
101,26.3220087,127.8016296,408
101,26.3219589,127.8011126,409
101,26.32189,127.8001985,410
101,26.3213787,127.8000945,411
101,26.3207904,127.80013,412
101,26.319869,127.7997394,413
101,26.320266,127.79935,414
201,26.3147168,127.7963162,1
201,26.3150341,127.7964061,2
201,26.3163228,127.7963511,3
201,26.316902,127.7963522,4
201,26.316897,127.7965651,5
201,26.3166761,127.7966834,6
201,26.3166382,127.7966023,7
201,26.3168312,127.7964944,8
201,26.3168324,127.7963965,9
201,26.3163275,127.796416,10
201,26.3164046,127.7977244,11
201,26.3163517,127.7990923,12
201,26.3154598,127.7988268,13
201,26.3153443,127.7992961,14
201,26.3151195,127.7994973,15
201,26.3147619,127.7996462,16
201,26.314385,127.7996395,17
201,26.3140412,127.7995107,18
201,26.3136926,127.799205,19
201,26.3123125,127.7979067,20
201,26.3120745,127.7977458,21
201,26.3118256,127.7976868,22
201,26.3115762,127.7977109,23
201,26.3113408,127.7978356,24
201,26.3109395,127.7981072,25
201,26.3107292,127.7981572,26
201,26.3104749,127.7980641,27
201,26.3103145,127.7978906,28
201,26.3101414,127.7974025,29
201,26.3099827,127.7971879,30
201,26.3087444,127.7959031,31
201,26.3082275,127.7961593,32
201,26.3078837,127.7964799,33
201,26.307725,127.7968446,34
201,26.3076048,127.797322,35
201,26.3074509,127.7975715,36
201,26.306821,127.7980087,37
201,26.3064916,127.7980758,38
201,26.3061682,127.7980449,39
201,26.3059367,127.7981019,40
201,26.3057558,127.798275,41
201,26.3047603,127.8001586,42
201,26.3045631,127.8003657,43
201,26.3043875,127.8004962,44
201,26.3035448,127.8009825,45
201,26.3030536,127.8012766,46
201,26.3028297,127.8013646,47
201,26.3023622,127.8013959,48
201,26.3024045,127.8015398,49
201,26.3034538,127.8018999,50
201,26.3035557,127.8019676,51
201,26.3042097,127.8019033,52
201,26.3046689,127.8017786,53
201,26.30476,127.801568,54
201,26.304806,127.8017665,55
201,26.3042193,127.8019301,56
201,26.3035518,127.8020109,57
201,26.3034421,127.8019227,58
201,26.3023741,127.8015579,59
201,26.3022679,127.8013702,60
201,26.3028152,127.8013333,61
201,26.3030345,127.8012488,62
201,26.3034876,127.8009779,63
201,26.3043819,127.800471,64
201,26.304546,127.8003448,65
201,26.3047615,127.8001073,66
201,26.3057344,127.7982537,67
201,26.3058942,127.7980842,68
201,26.3057221,127.7979899,69
201,26.3055094,127.7980664,70
201,26.3050519,127.7983942,71
201,26.3047895,127.7984402,72
201,26.3046089,127.7983466,73
201,26.304733,127.7981432,74
201,26.30491,127.7976715,75
201,26.3048985,127.7973397,76
201,26.3050343,127.7971643,77
201,26.3054837,127.7971728,78
201,26.3057044,127.7970397,79
201,26.3067639,127.7961298,80
201,26.3069521,127.7958871,81
201,26.3070254,127.7955921,82
201,26.3069067,127.7953463,83
201,26.3066629,127.795008,84
201,26.3064543,127.7950288,85
201,26.306358,127.7949113,86
201,26.3063302,127.7946704,87
201,26.306628,127.7945118,88
201,26.3065495,127.7940308,89
201,26.3061727,127.7933085,90
201,26.3061482,127.7930435,91
201,26.3063475,127.7919078,92
201,26.3066294,127.7913744,93
201,26.3068559,127.7910771,94
201,26.3068685,127.7906014,95
201,26.306962,127.790583,96
201,26.3069669,127.7909555,97
201,26.3069083,127.7909536,98
201,26.306869,127.7911208,99
201,26.3066863,127.7913354,100
201,26.3065096,127.7913931,101
201,26.3060684,127.7919121,102
201,26.3060005,127.7922172,103
201,26.3058006,127.7927077,104
201,26.3055612,127.7931112,105
201,26.3053939,127.7932197,106
201,26.3045612,127.7927951,107
201,26.3043204,127.7926927,108
201,26.3040219,127.7926896,109
201,26.3038761,127.7933531,110
201,26.3034668,127.7933632,111
201,26.3033405,127.7930412,112
201,26.3031013,127.7926268,113
201,26.3024497,127.7922272,114
201,26.3023403,127.7925517,115
201,26.3021383,127.7927153,116
201,26.3019267,127.7927543,117
201,26.3011716,127.7927838,118
201,26.300728,127.7926644,119
201,26.3004767,127.7926268,120
201,26.30037,127.7935005,121
201,26.300315,127.7940792,122
201,26.3003493,127.7946077,123
201,26.3003176,127.7949825,124
201,26.3004843,127.795183,125
201,26.3006525,127.7957499,126
201,26.3011368,127.7975179,127
201,26.301233,127.7979028,128
201,26.3012738,127.7983098,129
201,26.3012606,127.7988325,130
201,26.3011512,127.7995416,131
201,26.3007436,127.7993364,132
201,26.3004724,127.7987333,133
201,26.2999833,127.7981608,134
201,26.2998085,127.7978048,135
201,26.2996385,127.7976741,136
201,26.2994668,127.797958,137
201,26.2991688,127.7980123,138
201,26.2986352,127.7978734,139
201,26.2980318,127.7981235,140
201,26.2978191,127.7982914,141
201,26.2975655,127.798631,142
201,26.2972809,127.7988387,143
201,26.2969511,127.7989668,144
201,26.2967669,127.7991461,145
201,26.296468,127.799512,146
201,26.2962509,127.79965,147
201,26.295917,127.7997042,148
201,26.295262,127.7996052,149
201,26.2951051,127.7996496,150
201,26.2948127,127.79994,151
201,26.2946184,127.8000209,152
201,26.2944395,127.8000063,153
201,26.29434,127.7999488,154
201,26.2940191,127.8001925,155
201,26.2935756,127.8007929,156
201,26.2934135,127.8009159,157
201,26.2925582,127.801149,158
201,26.291205,127.8020393,159
201,26.2898756,127.8025615,160
201,26.2895632,127.8025235,161
201,26.2890512,127.8022227,162
201,26.2886209,127.8026353,163
201,26.2883252,127.8031943,164
201,26.2881354,127.8033913,165
201,26.2872625,127.8037847,166
201,26.2869524,127.803883,167
201,26.2863273,127.8039827,168
201,26.286236,127.8039,169
201,26.2863462,127.803957,170
201,26.2869398,127.8038584,171
201,26.2872445,127.8037631,172
201,26.2881135,127.8033741,173
201,26.2882949,127.8031883,174
201,26.2886038,127.8026082,175
201,26.2890243,127.802199,176
201,26.2895352,127.8019194,177
201,26.2896277,127.801824,178
201,26.2897612,127.8012404,179
201,26.2902638,127.800787,180
201,26.2904995,127.8004193,181
201,26.2913125,127.7999953,182
201,26.2914042,127.799885,183
201,26.291408,127.7993268,184
201,26.2915277,127.7989244,185
201,26.2916475,127.7986184,186
201,26.2917723,127.7984452,187
201,26.2920365,127.7981754,188
201,26.2923024,127.7978779,189
201,26.2924546,127.7975923,190
201,26.2925836,127.7972806,191
201,26.2927847,127.797001,192
201,26.293225,127.7963765,193
201,26.293099,127.7960717,194
201,26.2930432,127.7953801,195
201,26.2929468,127.7947085,196
201,26.2928071,127.7941709,197
201,26.2930974,127.793251,198
201,26.2933325,127.792299,199
201,26.2938249,127.7916969,200
201,26.2943365,127.7912076,201
201,26.2948704,127.7913795,202
201,26.2957024,127.7918465,203
201,26.2960763,127.7909269,204
201,26.2961589,127.7904301,205
201,26.2964772,127.7890697,206
201,26.2967628,127.7884007,207
201,26.2968302,127.7879519,208
201,26.2970488,127.7862566,209
201,26.2971278,127.7860955,210
201,26.2964339,127.7852613,211
201,26.2960863,127.7843734,212
201,26.2959623,127.7834399,213
201,26.2960518,127.7822597,214
201,26.2962144,127.7814322,215
201,26.2964731,127.7804277,216
201,26.2972374,127.7805613,217
201,26.3011276,127.7803731,218
201,26.3017142,127.7802762,219
201,26.3031183,127.7793104,220
201,26.3040655,127.7791438,221
201,26.3048277,127.7792644,222
201,26.3058435,127.7798772,223
201,26.3064477,127.7801514,224
201,26.3068315,127.7801343,225
201,26.3070763,127.7799098,226
201,26.3072179,127.779642,227
201,26.3072262,127.7780597,228
201,26.3070263,127.7771894,229
201,26.3071919,127.777113,230
201,26.3073863,127.7778466,231
201,26.307421,127.7784709,232
201,26.3073547,127.7797068,233
201,26.3072903,127.7798786,234
201,26.3072918,127.78056,235
201,26.307432,127.7810133,236
201,26.3076876,127.7814398,237
201,26.3088347,127.782734,238
201,26.3100107,127.7848222,239
201,26.3106384,127.7867281,240
201,26.310906,127.7876243,241
201,26.3107733,127.787737,242
201,26.3107031,127.7878713,243
201,26.3107195,127.7880309,244
201,26.3107686,127.7881751,245
201,26.3107744,127.7883194,246
201,26.3105667,127.7882478,247
201,26.310422,127.7882603,248
201,26.3102727,127.7883256,249
201,26.3100729,127.7883613,250
201,26.3102251,127.7888431,251
201,26.3098029,127.7892276,252
201,26.3088777,127.7894627,253
201,26.3081555,127.7898163,254
201,26.3080059,127.79002,255
201,26.3078831,127.7909211,256
201,26.3078313,127.7910927,257
201,26.3076563,127.7914145,258
201,26.3075063,127.791495,259
201,26.307061,127.7911543,260
201,26.3069297,127.7911261,261
201,26.3068559,127.7910771,262
201,26.3068685,127.7906014,263
201,26.306962,127.790583,264
201,26.3069669,127.7909555,265
201,26.3069083,127.7909536,266
201,26.306869,127.7911208,267
201,26.3066863,127.7913354,268
201,26.3063701,127.7919174,269
201,26.3061759,127.7930533,270
201,26.3062087,127.7933155,271
201,26.3065781,127.7940337,272
201,26.3066508,127.7945312,273
201,26.3066803,127.7950019,274
201,26.3064543,127.7950288,275
201,26.3063496,127.7949193,276
201,26.3063302,127.7946704,277
201,26.3066184,127.7945091,278
201,26.3065399,127.7940308,279
201,26.3061655,127.7933179,280
201,26.3061398,127.7930408,281
201,26.3063434,127.7918945,282
201,26.3066276,127.7913605,283
201,26.3065082,127.7914073,284
201,26.3060751,127.7919208,285
201,26.3060087,127.7922127,286
201,26.305811,127.7927,287
201,26.30556,127.7931219,288
201,26.3053903,127.7932291,289
201,26.3045528,127.7928001,290
201,26.304317,127.7927023,291
201,26.3040284,127.792699,292
201,26.3038768,127.7933662,293
201,26.3034605,127.7933716,294
201,26.3033369,127.7930532,295
201,26.3030991,127.7926422,296
201,26.3024545,127.7922473,297
201,26.3023487,127.7925611,298
201,26.3021419,127.7927247,299
201,26.3019351,127.7927623,300
201,26.3011728,127.7927918,301
201,26.3007328,127.7926751,302
201,26.3004839,127.7926375,303
201,26.3003781,127.793516,304
201,26.3003258,127.7940658,305
201,26.3003613,127.7946157,306
201,26.3003296,127.7949745,307
201,26.3004951,127.795183,308
201,26.3006628,127.7957534,309
201,26.3011443,127.7975175,310
201,26.3012421,127.7978974,311
201,26.3012804,127.7983213,312
201,26.3012695,127.7988444,313
201,26.3011608,127.7995483,314
201,26.3009985,127.8003637,315
201,26.3010544,127.8007472,316
201,26.3013796,127.8013668,317
201,26.3022114,127.8013762,318
201,26.3024163,127.8015355,319
201,26.3034634,127.8018959,320
201,26.3035557,127.8019676,321
201,26.3042097,127.8019033,322
201,26.3046689,127.8017786,323
201,26.30476,127.801568,324
201,26.304806,127.8017665,325
201,26.3042193,127.8019301,326
201,26.303541,127.8020116,327
201,26.3034366,127.8019249,328
201,26.3023668,127.8015599,329
201,26.3022608,127.8013663,330
201,26.3028089,127.8013245,331
201,26.3030227,127.8012451,332
201,26.3034791,127.800971,333
201,26.304384,127.8004575,334
201,26.304554,127.8003268,335
201,26.3047503,127.8000995,336
201,26.3057284,127.7982429,337
201,26.3059491,127.79806,338
201,26.3061447,127.7980101,339
201,26.3064782,127.7980442,340
201,26.3068133,127.797973,341
201,26.3074257,127.7975571,342
201,26.3075847,127.7972962,343
201,26.3077004,127.7968368,344
201,26.3078548,127.7964758,345
201,26.3081877,127.7961483,346
201,26.3087468,127.7958656,347
201,26.3100092,127.7971906,348
201,26.3101729,127.7974131,349
201,26.3103391,127.7978857,350
201,26.3104918,127.7980476,351
201,26.3107364,127.7981272,352
201,26.3109378,127.7980808,353
201,26.3112991,127.797823,354
201,26.3115599,127.7976828,355
201,26.311816,127.7976627,356
201,26.3120673,127.797715,357
201,26.3123294,127.7978799,358
201,26.3140538,127.7994866,359
201,26.3143826,127.7996073,360
201,26.3147571,127.799615,361
201,26.3150907,127.7994833,362
201,26.3153251,127.7992841,363
201,26.3154477,127.7987463,364
201,26.3162682,127.7989937,365
201,26.3162904,127.797782,366
201,26.3161902,127.7963579,367
201,26.3163228,127.7963511,368
201,26.316902,127.7963522,369
201,26.316897,127.7965651,370
201,26.3166761,127.7966834,371
201,26.3166382,127.7966023,372
201,26.3168312,127.7964944,373
201,26.3168324,127.7963965,374
201,26.3161618,127.7964208,375
201,26.3150276,127.7964812,376
201,26.3147204,127.7965415,377
