shape_id,shape_pt_lat,shape_pt_lon,shape_pt_sequence
shapes_337_1,26.28416,127.81494,10001
shapes_337_1,26.28417,127.81498,10002
shapes_337_1,26.28366,127.81505,10003
shapes_337_1,26.28319,127.81502,10004
shapes_337_1,26.28315,127.81538,10005
shapes_337_1,26.28312,127.81552,10006
shapes_337_1,26.28261,127.81542,10007
shapes_337_1,26.28234,127.81535,10008
shapes_337_1,26.28191,127.81518,10009
shapes_337_1,26.2816,127.815,10010
shapes_337_1,26.28137,127.81484,10011
shapes_337_1,26.2811,127.81458,10012
shapes_337_1,26.28083,127.81432,10013
shapes_337_1,26.28045,127.81396,10014
shapes_337_1,26.28006,127.81356,10015
shapes_337_1,26.27977,127.81322,10016
shapes_337_1,26.27948,127.81272,10017
shapes_337_1,26.27903,127.81185,10018
shapes_337_1,26.27898,127.81175,10019
shapes_337_1,26.27898,127.81175,20001
shapes_337_1,26.2788,127.81136,20002
shapes_337_1,26.27859,127.81091,20003
shapes_337_1,26.27823,127.81008,20004
shapes_337_1,26.27763,127.80865,20005
shapes_337_1,26.27741,127.80811,20006
shapes_337_1,26.27728,127.8078,20007
shapes_337_1,26.27719,127.80753,20008
shapes_337_1,26.27715,127.80733,20009
shapes_337_1,26.27714,127.80704,20010
shapes_337_1,26.27718,127.80676,20011
shapes_337_1,26.27726,127.80652,20012
shapes_337_1,26.27731,127.80638,20013
shapes_337_1,26.27723,127.80624,20014
shapes_337_1,26.27705,127.80578,20015
shapes_337_1,26.27696,127.80533,20016
shapes_337_1,26.27688,127.80506,20017
shapes_337_1,26.27683,127.80488,20018
shapes_337_1,26.27682,127.80486,20019
shapes_337_1,26.27682,127.80486,30001
shapes_337_1,26.27674,127.80458,30002
shapes_337_1,26.27659,127.80426,30003
shapes_337_1,26.27652,127.80413,30004
shapes_337_1,26.2763,127.80385,30005
shapes_337_1,26.27601,127.80346,30006
shapes_337_1,26.27573,127.80305,30007
shapes_337_1,26.27543,127.80262,30008
shapes_337_1,26.27525,127.80234,30009
shapes_337_1,26.27496,127.80196,30010
shapes_337_1,26.27475,127.80169,30011
shapes_337_1,26.27463,127.80156,30012
shapes_337_1,26.27463,127.80156,40001
shapes_337_1,26.2746,127.80153,40002
shapes_337_1,26.27415,127.80105,40003
shapes_337_1,26.27403,127.80107,40004
shapes_337_1,26.27371,127.80079,40005
shapes_337_1,26.27357,127.80065,40006
shapes_337_1,26.27351,127.80055,40007
shapes_337_1,26.27344,127.80038,40008
shapes_337_1,26.27344,127.80037,40009
shapes_337_1,26.27329,127.79998,40010
shapes_337_1,26.27323,127.79984,40011
shapes_337_1,26.27308,127.79936,40012
shapes_337_1,26.27304,127.79926,40013
shapes_337_1,26.27304,127.79926,50001
shapes_337_1,26.27304,127.79926,50002
shapes_337_1,26.27304,127.7992,50003
shapes_337_1,26.27296,127.79898,50004
shapes_337_1,26.2728,127.79866,50005
shapes_337_1,26.27251,127.79818,50006
shapes_337_1,26.27235,127.79794,50007
shapes_337_1,26.27223,127.7978,50008
shapes_337_1,26.2721,127.79767,50009
shapes_337_1,26.27185,127.79744,50010
shapes_337_1,26.27171,127.79731,50011
shapes_337_1,26.27153,127.79711,50012
shapes_337_1,26.2714,127.7969,50013
shapes_337_1,26.27134,127.79674,50014
shapes_337_1,26.2713,127.79658,50015
shapes_337_1,26.27123,127.79621,50016
shapes_337_1,26.27122,127.79614,50017
shapes_337_1,26.27121,127.79605,50018
shapes_337_1,26.27113,127.79576,50019
shapes_337_1,26.27113,127.79576,60001
shapes_337_1,26.27113,127.79576,60002
shapes_337_1,26.27101,127.79551,60003
shapes_337_1,26.27077,127.79513,60004
shapes_337_1,26.27048,127.79472,60005
shapes_337_1,26.27043,127.79466,60006
shapes_337_1,26.27043,127.79465,60007
shapes_337_1,26.27041,127.79462,60008
shapes_337_1,26.27013,127.79423,60009
shapes_337_1,26.26983,127.79383,60010
shapes_337_1,26.26953,127.79349,60011
shapes_337_1,26.26944,127.79336,60012
shapes_337_1,26.26928,127.79322,60013
shapes_337_1,26.26901,127.79294,60014
shapes_337_1,26.26809,127.79207,60015
shapes_337_1,26.26761,127.79162,60016
shapes_337_1,26.26749,127.79151,60017
shapes_337_1,26.26743,127.79146,60018
shapes_337_1,26.26713,127.79118,60019
shapes_337_1,26.26713,127.79118,70001
shapes_337_1,26.26707,127.79112,70002
shapes_337_1,26.26695,127.79101,70003
shapes_337_1,26.26676,127.79083,70004
shapes_337_1,26.26663,127.79073,70005
shapes_337_1,26.26651,127.79066,70006
shapes_337_1,26.26637,127.79061,70007
shapes_337_1,26.26623,127.79057,70008
shapes_337_1,26.26605,127.79053,70009
shapes_337_1,26.26552,127.7904,70010
shapes_337_1,26.26519,127.79031,70011
shapes_337_1,26.26515,127.7903,70012
shapes_337_1,26.26492,127.79024,70013
shapes_337_1,26.26473,127.7902,70014
shapes_337_1,26.26434,127.79012,70015
shapes_337_1,26.26378,127.79001,70016
shapes_337_1,26.26398,127.78946,70017
shapes_337_1,26.26341,127.78911,70018
shapes_337_1,26.26284,127.78876,70019
shapes_337_1,26.26151,127.78791,70020
shapes_337_1,26.26102,127.7876,70021
shapes_337_1,26.26059,127.78734,70022
shapes_337_1,26.26043,127.78726,70023
shapes_337_1,26.26043,127.78726,80001
shapes_337_1,26.26004,127.78705,80002
shapes_337_1,26.25915,127.78656,80003
shapes_337_1,26.2586,127.78627,80004
shapes_337_1,26.25807,127.78598,80005
shapes_337_1,26.2573,127.78557,80006
shapes_337_1,26.25696,127.7854,80007
shapes_337_1,26.25662,127.78525,80008
shapes_337_1,26.25594,127.78502,80009
shapes_337_1,26.25526,127.78482,80010
shapes_337_1,26.25535,127.78462,80011
shapes_337_1,26.25543,127.78445,80012
shapes_337_1,26.25551,127.78434,80013
shapes_337_1,26.25555,127.78431,80014
shapes_337_1,26.25555,127.78431,90001
shapes_337_1,26.25551,127.78434,90002
shapes_337_1,26.25543,127.78445,90003
shapes_337_1,26.25535,127.78462,90004
shapes_337_1,26.255453001174647,127.78440713882448,90005
shapes_337_1,26.255645439994197,127.78418719768526,90006
shapes_337_1,26.255693549649276,127.78387606143953,90007
shapes_337_1,26.25567430578966,127.78372049331666,90008
shapes_337_1,26.255592519350607,127.78357028961183,90009
shapes_337_1,26.25549148896408,127.78327524662019,90010
shapes_337_1,26.255270184000757,127.78285682201387,90011
shapes_337_1,26.25497190273094,127.78249740600587,90012
shapes_337_1,26.254721730752703,127.78272807598115,90013
shapes_337_1,26.2544908022946,127.78297483921052,90014
shapes_337_1,26.25415403080363,127.7832591533661,90015
shapes_337_1,26.254019321933846,127.78338789939882,90016
shapes_337_1,26.25379801416581,127.78314650058748,90017
shapes_337_1,26.253721037452,127.78307676315309,90018
shapes_337_1,26.253687360123667,127.78303384780885,90019
shapes_337_1,26.253369830548024,127.78276562690736,90020
shapes_337_1,26.253288042486453,127.7826637029648,90021
shapes_337_1,26.25318701009559,127.7825564146042,90022
shapes_337_1,26.253042677956238,127.7824115753174,90023
shapes_337_1,26.25289353455716,127.7822506427765,90024
shapes_337_1,26.25276,127.7821,90025
shapes_337_1,26.25251,127.78179,90026
shapes_337_1,26.25243,127.78168,90027
shapes_337_1,26.25243,127.78168,100001
shapes_337_1,26.25217,127.78132,100002
shapes_337_1,26.25185,127.78083,100003
shapes_337_1,26.25174,127.78066,100004
shapes_337_1,26.25165,127.78043,100005
shapes_337_1,26.25158,127.78014,100006
shapes_337_1,26.25154,127.78,100007
shapes_337_1,26.2515,127.77984,100008
shapes_337_1,26.25137,127.77929,100009
shapes_337_1,26.25132,127.77895,100010
shapes_337_1,26.25132,127.77869,100011
shapes_337_1,26.25134,127.77843,100012
shapes_337_1,26.25136,127.77806,100013
shapes_337_1,26.25135,127.77788,100014
shapes_337_1,26.25131,127.77764,100015
shapes_337_1,26.25125,127.77738,100016
shapes_337_1,26.2512,127.7772,100017
shapes_337_1,26.25114,127.77708,100018
shapes_337_1,26.25098,127.7769,100019
shapes_337_1,26.25071,127.77669,100020
shapes_337_1,26.25045,127.77652,100021
shapes_337_1,26.25024,127.77636,100022
shapes_337_1,26.25005,127.77617,100023
shapes_337_1,26.24989,127.77596,100024
shapes_337_1,26.24973,127.77571,100025
shapes_337_1,26.24966,127.77557,100026
shapes_337_1,26.24961,127.77541,100027
shapes_337_1,26.24961,127.7753,100028
shapes_337_1,26.24964,127.77514,100029
shapes_337_1,26.24986,127.77445,100030
shapes_337_1,26.25004,127.7739,100031
shapes_337_1,26.2496,127.77371,100032
shapes_337_1,26.24923,127.77355,100033
shapes_337_1,26.24915,127.77352,100034
shapes_337_1,26.24915,127.77352,110001
shapes_337_1,26.24807,127.77306,110002
shapes_337_1,26.24749,127.77281,110003
shapes_337_1,26.24705,127.77263,110004
shapes_337_1,26.24634,127.77233,110005
shapes_337_1,26.24617,127.77218,110006
shapes_337_1,26.24612,127.77206,110007
shapes_337_1,26.2461,127.77202,110008
shapes_337_1,26.24607,127.77185,110009
shapes_337_1,26.24608,127.77169,110010
shapes_337_1,26.24616,127.77146,110011
shapes_337_1,26.24644,127.77099,110012
shapes_337_1,26.24646,127.77097,110013
shapes_337_1,26.24646,127.77097,120001
shapes_337_1,26.24681,127.77039,120002
shapes_337_1,26.24686,127.77029,120003
shapes_337_1,26.24691,127.77,120004
shapes_337_1,26.2471,127.76933,120005
shapes_337_1,26.24732,127.76849,120006
shapes_337_1,26.2471,127.76842,120007
shapes_337_1,26.2469,127.76832,120008
shapes_337_1,26.24673,127.76821,120009
shapes_337_1,26.24651,127.76802,120010
shapes_337_1,26.24637,127.76787,120011
shapes_337_1,26.24615,127.76751,120012
shapes_337_1,26.24598,127.76712,120013
shapes_337_1,26.24582,127.76675,120014
shapes_337_1,26.24574,127.76652,120015
shapes_337_1,26.24565,127.76626,120016
shapes_337_1,26.24553,127.76578,120017
shapes_337_1,26.24497,127.76587,120018
shapes_337_1,26.24497,127.76587,130001
shapes_337_1,26.24553,127.76578,130002
shapes_337_1,26.24551,127.76552,130003
shapes_337_1,26.2455,127.76535,130004
shapes_337_1,26.24553,127.76505,130005
shapes_337_1,26.24559,127.76481,130006
shapes_337_1,26.24568,127.76459,130007
shapes_337_1,26.24582,127.76436,130008
shapes_337_1,26.24595,127.76412,130009
shapes_337_1,26.24606,127.76396,130010
shapes_337_1,26.2462,127.76383,130011
shapes_337_1,26.24657,127.7636,130012
shapes_337_1,26.24681,127.76351,130013
shapes_337_1,26.24702,127.76346,130014
shapes_337_1,26.24727,127.76343,130015
shapes_337_1,26.24766,127.76342,130016
shapes_337_1,26.24828,127.76338,130017
shapes_337_1,26.24841,127.76336,130018
shapes_337_1,26.24969,127.76331,130019
shapes_337_1,26.25019,127.76328,130020
shapes_337_1,26.25047,127.76331,130021
shapes_337_1,26.25072,127.76339,130022
shapes_337_1,26.25108,127.76358,130023
shapes_337_1,26.25158,127.76395,130024
shapes_337_1,26.25185,127.76414,130025
shapes_337_1,26.25221,127.76435,130026
shapes_337_1,26.25262,127.7646,130027
shapes_337_1,26.2529,127.76478,130028
shapes_337_1,26.25365,127.76417,130029
shapes_337_1,26.25385,127.76402,130030
shapes_337_1,26.25385,127.76402,140001
shapes_337_1,26.25391,127.76397,140002
shapes_337_1,26.25406,127.76386,140003
shapes_337_1,26.25422,127.76371,140004
shapes_337_1,26.25472,127.76327,140005
shapes_337_1,26.25477,127.76322,140006
shapes_337_1,26.25507,127.76285,140007
shapes_337_1,26.25513,127.76276,140008
shapes_337_1,26.25488,127.76258,140009
shapes_337_1,26.25494,127.76225,140010
shapes_337_1,26.25496,127.7621,140011
shapes_337_1,26.25495,127.76182,140012
shapes_337_1,26.25491,127.76134,140013
shapes_337_1,26.2549,127.76119,140014
shapes_337_1,26.25493,127.76093,140015
shapes_337_1,26.25496,127.76085,140016
shapes_337_1,26.25499,127.76074,140017
shapes_337_1,26.25511,127.76056,140018
shapes_337_1,26.25517,127.76046,140019
shapes_337_1,26.25523,127.76037,140020
shapes_337_1,26.25525,127.76022,140021
shapes_337_1,26.2552,127.76002,140022
shapes_337_1,26.25517,127.75991,140023
shapes_337_1,26.2552,127.75986,140024
shapes_337_1,26.25523,127.75982,140025
shapes_337_1,26.25535,127.75973,140026
shapes_337_1,26.25576,127.75933,140027
shapes_337_1,26.25583,127.75926,140028
shapes_337_1,26.25588,127.75919,140029
shapes_337_1,26.2559,127.75909,140030
shapes_337_1,26.2559,127.75882,140031
shapes_337_1,26.25592,127.75856,140032
shapes_337_1,26.25599,127.75811,140033
shapes_337_1,26.25599,127.75809,140034
shapes_337_1,26.25606,127.75775,140035
shapes_337_1,26.25622,127.75735,140036
shapes_337_1,26.25627,127.75715,140037
shapes_337_1,26.2564,127.75688,140038
shapes_337_1,26.25651,127.75664,140039
shapes_337_1,26.25663,127.75645,140040
shapes_337_1,26.25667,127.75638,140041
shapes_337_1,26.25677,127.75623,140042
shapes_337_1,26.25686,127.75614,140043
shapes_338_1,26.23863,127.77654,150001
shapes_338_1,26.2387,127.7766,150002
shapes_338_1,26.23968,127.77734,150003
shapes_338_1,26.239566077322195,127.77761578559877,150004
shapes_338_1,26.23946984463648,127.77783036231996,150005
shapes_338_1,26.239440974815224,127.77806639671327,150006
shapes_338_1,26.239325495458512,127.77842044830324,150007
shapes_338_1,26.239152276208326,127.77871012687685,150008
shapes_338_1,26.239287002314096,127.77886033058168,150009
shapes_338_1,26.23942172826374,127.77897834777833,150010
shapes_338_1,26.23954683079145,127.77909636497499,150011
shapes_338_1,26.239604570374198,127.7791714668274,150012
shapes_338_1,26.23993176080138,127.7793860435486,150013
shapes_338_1,26.240056862780126,127.7794396877289,150014
shapes_338_1,26.24119,127.77991,150015
shapes_338_1,26.24117,127.7799,150016
shapes_338_1,26.24117,127.7799,160001
shapes_338_1,26.24119,127.77991,160002
shapes_338_1,26.24137,127.78,160003
shapes_338_1,26.24129,127.78039,160004
shapes_338_1,26.24127,127.78048,160005
shapes_338_1,26.24123,127.78055,160006
shapes_338_1,26.24052,127.78145,160007
shapes_338_1,26.24028,127.78175,160008
shapes_338_1,26.23976,127.78239,160009
shapes_338_1,26.23917,127.78318,160010
shapes_338_1,26.23901,127.78337,160011
shapes_338_1,26.23871,127.78374,160012
shapes_338_1,26.23867,127.78378,160013
shapes_338_1,26.23867,127.78378,170001
shapes_338_1,26.23839,127.78414,170002
shapes_338_1,26.23754,127.78525,170003
shapes_338_1,26.2378,127.78549,170004
shapes_338_1,26.2382,127.78577,170005
shapes_338_1,26.23847,127.78593,170006
shapes_338_1,26.23868,127.78605,170007
shapes_338_1,26.23876,127.78607,170008
shapes_338_1,26.23881,127.78608,170009
shapes_338_1,26.23881,127.78608,180001
shapes_338_1,26.23897,127.7861,180002
shapes_338_1,26.2395,127.78621,180003
shapes_338_1,26.23988,127.7861,180004
shapes_338_1,26.24005,127.7861,180005
shapes_338_1,26.24038,127.78615,180006
shapes_338_1,26.24052,127.78625,180007
shapes_338_1,26.24068,127.78634,180008
shapes_338_1,26.24069,127.78634,180009
shapes_338_1,26.24087,127.78642,180010
shapes_338_1,26.24102,127.78645,180011
shapes_338_1,26.24118,127.78648,180012
shapes_338_1,26.24136,127.78646,180013
shapes_338_1,26.24153,127.78641,180014
shapes_338_1,26.24193,127.7852,180015
shapes_338_1,26.24204,127.78484,180016
shapes_338_1,26.24224,127.78422,180017
shapes_338_1,26.24238,127.7838,180018
shapes_338_1,26.24254,127.78332,180019
shapes_338_1,26.24266,127.78293,180020
shapes_338_1,26.24284,127.78236,180021
shapes_338_1,26.24309,127.78156,180022
shapes_338_1,26.24335,127.78075,180023
shapes_338_1,26.24429,127.78104,180024
shapes_338_1,26.24472,127.78109,180025
shapes_338_1,26.24502,127.78125,180026
shapes_338_1,26.24532,127.78139,180027
shapes_338_1,26.24562,127.78149,180028
shapes_338_1,26.24621,127.78166,180029
shapes_338_1,26.24683,127.78181,180030
shapes_338_1,26.24753,127.78198,180031
shapes_338_1,26.24773,127.78202,180032
shapes_338_1,26.24816,127.78212,180033
shapes_338_1,26.24859,127.78222,180034
shapes_338_1,26.24859,127.78222,190001
shapes_338_1,26.24869,127.78224,190002
shapes_338_1,26.24938,127.7824,190003
shapes_338_1,26.24979,127.78251,190004
shapes_338_1,26.25029,127.78268,190005
shapes_338_1,26.25068,127.78284,190006
shapes_338_1,26.25138,127.78316,190007
shapes_338_1,26.25207,127.7835,190008
shapes_338_1,26.25329,127.78409,190009
shapes_338_1,26.25396,127.78438,190010
shapes_338_1,26.25473,127.78468,190011
shapes_338_1,26.25526,127.78482,190012
shapes_338_1,26.25535,127.78462,190013
shapes_338_1,26.25543,127.78445,190014
shapes_338_1,26.25551,127.78434,190015
shapes_338_1,26.25555,127.78431,190016
shapes_338_1,26.25555,127.78431,200001
shapes_338_1,26.2556,127.78425,200002
shapes_338_1,26.25576,127.7842,200003
shapes_338_1,26.25589,127.78414,200004
shapes_338_1,26.25606,127.78408,200005
shapes_338_1,26.25662,127.78392,200006
shapes_338_1,26.25679,127.78387,200007
shapes_338_1,26.25696,127.78385,200008
shapes_338_1,26.25718,127.78386,200009
shapes_338_1,26.25733,127.78388,200010
shapes_338_1,26.25755,127.78396,200011
shapes_338_1,26.25767,127.78403,200012
shapes_338_1,26.25778,127.78412,200013
shapes_338_1,26.25785,127.78418,200014
shapes_338_1,26.25801,127.78438,200015
shapes_338_1,26.25817,127.78461,200016
shapes_338_1,26.25831,127.78485,200017
shapes_338_1,26.25847,127.78504,200018
shapes_338_1,26.25867,127.78517,200019
shapes_338_1,26.25885,127.78522,200020
shapes_338_1,26.25909,127.78527,200021
shapes_338_1,26.25929,127.78528,200022
shapes_338_1,26.25951,127.78522,200023
shapes_338_1,26.25965,127.78515,200024
shapes_338_1,26.25981,127.78504,200025
shapes_338_1,26.25998,127.78493,200026
shapes_338_1,26.26008,127.78484,200027
shapes_338_1,26.26053,127.78454,200028
shapes_338_1,26.26077,127.78432,200029
shapes_338_1,26.26118,127.78394,200030
shapes_338_1,26.26137,127.7838,200031
shapes_338_1,26.26155,127.78373,200032
shapes_338_1,26.26181,127.78368,200033
shapes_338_1,26.26242,127.78362,200034
shapes_338_1,26.26262,127.78362,200035
shapes_338_1,26.2628,127.78368,200036
shapes_338_1,26.26292,127.78376,200037
shapes_338_1,26.26303,127.78389,200038
shapes_338_1,26.2632,127.78419,200039
shapes_338_1,26.26327,127.78432,200040
shapes_338_1,26.2634,127.78454,200041
shapes_338_1,26.26355,127.7847,200042
shapes_338_1,26.2637,127.7848,200043
shapes_338_1,26.26396,127.78487,200044
shapes_338_1,26.26419,127.78494,200045
shapes_338_1,26.26438,127.78504,200046
shapes_338_1,26.26461,127.78519,200047
shapes_338_1,26.26479,127.78535,200048
shapes_338_1,26.26496,127.78548,200049
shapes_338_1,26.26557,127.78596,200050
shapes_338_1,26.26573,127.78603,200051
shapes_338_1,26.2659,127.78604,200052
shapes_338_1,26.26605,127.786,200053
shapes_338_1,26.26618,127.78595,200054
shapes_338_1,26.26674,127.78565,200055
shapes_338_1,26.26692,127.78554,200056
shapes_338_1,26.26715,127.78553,200057
shapes_338_1,26.26733,127.78556,200058
shapes_338_1,26.26787,127.78589,200059
shapes_338_1,26.26797,127.78593,200060
shapes_338_1,26.26809,127.78593,200061
shapes_338_1,26.26818,127.78591,200062
shapes_338_1,26.26823,127.7859,200063
shapes_338_1,26.26829,127.78587,200064
shapes_338_1,26.26838,127.78582,200065
shapes_338_1,26.26845,127.78576,200066
shapes_338_1,26.26895,127.78512,200067
shapes_338_1,26.26908,127.78496,200068
shapes_338_1,26.26908,127.78496,210001
shapes_338_1,26.26942,127.78457,210002
shapes_338_1,26.26945,127.78445,210003
shapes_338_1,26.26946,127.78437,210004
shapes_338_1,26.26947,127.7843,210005
shapes_338_1,26.26946,127.78417,210006
shapes_338_1,26.26945,127.78407,210007
shapes_338_1,26.26933,127.78377,210008
shapes_338_1,26.26922,127.7834,210009
shapes_338_1,26.26913,127.78303,210010
shapes_338_1,26.26913,127.78295,210011
shapes_338_1,26.26915,127.78286,210012
shapes_338_1,26.26919,127.78275,210013
shapes_338_1,26.26926,127.78265,210014
shapes_338_1,26.2698,127.78214,210015
shapes_338_1,26.27074,127.7813,210016
shapes_338_1,26.27085,127.78122,210017
shapes_338_1,26.27106,127.78112,210018
shapes_338_1,26.27132,127.78106,210019
shapes_338_1,26.2717,127.78101,210020
shapes_338_1,26.27195,127.78097,210021
shapes_338_1,26.27231,127.78097,210022
shapes_338_1,26.27261,127.78095,210023
shapes_338_1,26.27274,127.7809,210024
shapes_338_1,26.27284,127.78102,210025
shapes_338_1,26.27294,127.78111,210026
shapes_338_1,26.27302,127.78118,210027
shapes_338_1,26.27322,127.78125,210028
shapes_338_1,26.27338,127.78126,210029
shapes_338_1,26.27359,127.78124,210030
shapes_338_1,26.27378,127.78117,210031
shapes_338_1,26.27396,127.7811,210032
shapes_338_1,26.27398,127.7811,210033
shapes_338_1,26.27414,127.78104,210034
shapes_338_1,26.2745,127.78096,210035
shapes_338_1,26.27495,127.78098,210036
shapes_338_1,26.27545,127.78103,210037
shapes_338_1,26.27551,127.78105,210038
shapes_338_1,26.2756,127.78107,210039
shapes_338_1,26.27571,127.78113,210040
shapes_338_1,26.27585,127.78122,210041
shapes_338_1,26.27601,127.78134,210042
shapes_338_1,26.27681,127.78216,210043
shapes_338_1,26.2772,127.78256,210044
shapes_338_1,26.27751,127.78281,210045
shapes_338_1,26.27763,127.78291,210046
shapes_338_1,26.27763,127.78291,220001
shapes_338_1,26.27787,127.7831,220002
shapes_338_1,26.27854,127.78361,220003
shapes_338_1,26.27902,127.78404,220004
shapes_338_1,26.27934,127.78422,220005
shapes_338_1,26.27942,127.78425,220006
shapes_338_1,26.28011,127.78433,220007
shapes_338_1,26.28019,127.78434,220008
shapes_338_1,26.28073,127.7845,220009
shapes_338_1,26.28117,127.78465,220010
shapes_338_1,26.28117,127.78465,230001
shapes_338_1,26.28157,127.78478,230002
shapes_338_1,26.28173,127.78481,230003
shapes_338_1,26.28186,127.78482,230004
shapes_338_1,26.28195,127.78482,230005
shapes_338_1,26.28231,127.78482,230006
shapes_338_1,26.28239,127.78482,230007
shapes_338_1,26.28283,127.78479,230008
shapes_338_1,26.2832,127.78412,230009
shapes_338_1,26.28327,127.7841,230010
shapes_338_1,26.28341,127.78408,230011
shapes_338_1,26.28353,127.7841,230012
shapes_338_1,26.28423,127.78438,230013
shapes_338_1,26.28461,127.78452,230014
shapes_338_1,26.2848,127.78457,230015
shapes_338_1,26.28494,127.78457,230016
shapes_338_1,26.28509,127.78452,230017
shapes_338_1,26.28521,127.78441,230018
shapes_338_1,26.28549,127.78397,230019
shapes_338_1,26.28571,127.78359,230020
shapes_338_1,26.28586,127.78331,230021
shapes_338_1,26.28622,127.78272,230022
shapes_338_1,26.28628,127.78262,230023
shapes_338_1,26.28628,127.78262,240001
shapes_338_1,26.28643,127.78237,240002
shapes_338_1,26.28651,127.78222,240003
shapes_338_1,26.28679,127.78174,240004
shapes_338_1,26.28695,127.7813,240005
shapes_338_1,26.28716,127.78068,240006
shapes_338_1,26.28733,127.78014,240007
shapes_338_1,26.28743,127.77973,240008
shapes_338_1,26.28747,127.77953,240009
shapes_338_1,26.28756662505921,127.7793860435486,240010
shapes_338_1,26.28748967073551,127.77921438217165,240011
shapes_338_1,26.287662817892013,127.7787208557129,240012
shapes_338_1,26.287797487723925,127.77760505676271,240013
shapes_338_1,26.288701695403216,127.7778196334839,240014
shapes_338_1,26.28918,127.77787,240015
shapes_338_1,26.28964,127.77784,240016
shapes_339_1,26.25929,127.79122,250001
shapes_339_1,26.25943,127.79134,250002
shapes_339_1,26.25962,127.79149,250003
shapes_339_1,26.25976,127.79158,250004
shapes_339_1,26.25991,127.79168,250005
shapes_339_1,26.26,127.79155,250006
shapes_339_1,26.2601,127.79148,250007
shapes_339_1,26.26026,127.79141,250008
shapes_339_1,26.26043,127.79137,250009
shapes_339_1,26.26062,127.79136,250010
shapes_339_1,26.26096,127.79122,250011
shapes_339_1,26.26139,127.79101,250012
shapes_339_1,26.26171,127.79084,250013
shapes_339_1,26.26184,127.79073,250014
shapes_339_1,26.26195,127.79059,250015
shapes_339_1,26.26206,127.79041,250016
shapes_339_1,26.26211,127.7903,250017
shapes_339_1,26.2623,127.78988,250018
shapes_339_1,26.2623,127.78988,260001
shapes_339_1,26.26251,127.78944,260002
shapes_339_1,26.26284,127.78876,260003
shapes_339_1,26.26151,127.78791,260004
shapes_339_1,26.26102,127.7876,260005
shapes_339_1,26.26059,127.78734,260006
shapes_339_1,26.26043,127.78726,260007
shapes_339_1,26.26043,127.78726,270001
shapes_339_1,26.26004,127.78705,270002
shapes_339_1,26.25915,127.78656,270003
shapes_339_1,26.2586,127.78627,270004
shapes_339_1,26.25807,127.78598,270005
shapes_339_1,26.2573,127.78557,270006
shapes_339_1,26.25696,127.7854,270007
shapes_339_1,26.25662,127.78525,270008
shapes_339_1,26.25594,127.78502,270009
shapes_339_1,26.25526,127.78482,270010
shapes_339_1,26.25473,127.78468,270011
shapes_339_1,26.25431,127.78452,270012
shapes_339_1,26.25431,127.78452,280001
shapes_339_1,26.25396,127.78438,280002
shapes_339_1,26.25329,127.78409,280003
shapes_339_1,26.25207,127.7835,280004
shapes_339_1,26.25138,127.78316,280005
shapes_339_1,26.25068,127.78284,280006
shapes_339_1,26.25029,127.78268,280007
shapes_339_1,26.24979,127.78251,280008
shapes_339_1,26.24938,127.7824,280009
shapes_339_1,26.24887,127.78228,280010
shapes_339_1,26.24887,127.78228,290001
shapes_339_1,26.24869,127.78224,290002
shapes_339_1,26.24816,127.78212,290003
shapes_339_1,26.24773,127.78202,290004
shapes_339_1,26.24753,127.78198,290005
shapes_339_1,26.24683,127.78181,290006
shapes_339_1,26.24621,127.78166,290007
shapes_339_1,26.24562,127.78149,290008
shapes_339_1,26.24532,127.78139,290009
shapes_339_1,26.24502,127.78125,290010
shapes_339_1,26.24472,127.78109,290011
shapes_339_1,26.24429,127.78104,290012
shapes_339_1,26.24335,127.78075,290013
shapes_339_1,26.24309,127.78156,290014
shapes_339_1,26.24284,127.78236,290015
shapes_339_1,26.24266,127.78293,290016
shapes_339_1,26.24254,127.78332,290017
shapes_339_1,26.24238,127.7838,290018
shapes_339_1,26.24224,127.78422,290019
shapes_339_1,26.24204,127.78484,290020
shapes_339_1,26.24193,127.7852,290021
shapes_339_1,26.24153,127.78641,290022
shapes_339_1,26.24136,127.78646,290023
shapes_339_1,26.24118,127.78648,290024
shapes_339_1,26.24102,127.78645,290025
shapes_339_1,26.24087,127.78642,290026
shapes_339_1,26.24069,127.78634,290027
shapes_339_1,26.24069,127.78634,300001
shapes_339_1,26.24068,127.78634,300002
shapes_339_1,26.24052,127.78625,300003
shapes_339_1,26.24038,127.78615,300004
shapes_339_1,26.24005,127.7861,300005
shapes_339_1,26.23988,127.7861,300006
shapes_339_1,26.2395,127.78621,300007
shapes_339_1,26.23897,127.7861,300008
shapes_339_1,26.23881,127.78608,300009
shapes_339_1,26.23876,127.78607,300010
shapes_339_1,26.23868,127.78605,300011
shapes_339_1,26.23847,127.78593,300012
shapes_339_1,26.2382,127.78577,300013
shapes_339_1,26.2378,127.78549,300014
shapes_339_1,26.23754,127.78525,300015
shapes_339_1,26.23839,127.78414,300016
shapes_339_1,26.23867,127.78378,300017
shapes_339_1,26.23871,127.78374,300018
shapes_339_1,26.23871,127.78374,310001
shapes_339_1,26.23901,127.78337,310002
shapes_339_1,26.23917,127.78318,310003
shapes_339_1,26.23976,127.78239,310004
shapes_339_1,26.24028,127.78175,310005
shapes_339_1,26.24052,127.78145,310006
shapes_339_1,26.24123,127.78055,310007
shapes_339_1,26.24127,127.78048,310008
shapes_339_1,26.24129,127.78039,310009
shapes_339_1,26.24137,127.78,310010
shapes_339_1,26.24119,127.77991,310011
shapes_339_1,26.24117,127.7799,310012
shapes_339_1,26.24095,127.7798,310013
shapes_339_1,26.24089,127.77978,310014
shapes_339_1,26.24089,127.77978,320001
shapes_339_1,26.24095,127.7798,320002
shapes_339_1,26.24117,127.7799,320003
shapes_339_1,26.24119,127.77991,320004
shapes_339_1,26.24137,127.78,320005
shapes_339_1,26.24135,127.77972,320006
shapes_339_1,26.24131,127.77946,320007
shapes_339_1,26.24125,127.77918,320008
shapes_339_1,26.24121,127.77908,320009
shapes_339_1,26.24118,127.77898,320010
shapes_339_1,26.24138,127.7786,320011
shapes_339_1,26.24122,127.77849,320012
shapes_339_1,26.24078,127.77816,320013
shapes_339_1,26.23968,127.77734,320014
shapes_339_1,26.23884169885951,127.77677158126609,320015
shapes_339_1,26.238829,127.776769,330001
shapes_339_1,26.238199565718237,127.77617812156679,330002
shapes_339_1,26.23773764266993,127.77541637420654,330003
shapes_339_1,26.23743931639239,127.7745044231415,330004
shapes_339_1,26.23726609433151,127.77352809906007,330005
shapes_339_1,26.23715061281421,127.77263760566713,330006
shapes_339_1,26.237115727749956,127.77241590432826,330007
shapes_339_1,26.23624872904277,127.77234094915913,330008
shapes_339_1,26.236268652774598,127.77223380748184,330009
shapes_339_1,26.236509240964786,127.77225983329119,330010
shapes_339_1,26.2365,127.772238,340001
shapes_339_1,26.236719078570413,127.77204033220188,340002
shapes_339_1,26.236763305312305,127.7717060619034,340003
shapes_339_1,26.237095672592442,127.77174971066417,340004
shapes_339_1,26.237242035691555,127.77272880077363,340005
shapes_339_1,26.237328646772173,127.77335107326509,340006
shapes_339_1,26.23743931639239,127.77403235435487,340007
shapes_339_1,26.237549985907272,127.77473509311677,340008
shapes_339_1,26.237785759739776,127.77535736560823,340009
shapes_339_1,26.237997474610477,127.7757650613785,340010
shapes_339_1,26.238247682596892,127.77612447738649,340011
shapes_339_1,26.238526760100225,127.77640879154207,340012
shapes_339_1,26.23883470691254,127.77666091918947,340013
shapes_339_1,26.239498714450566,127.77716517448427,340014
shapes_339_1,26.240191587837458,127.77768015861513,340015
shapes_339_1,26.24432949568338,127.78075933456422,340016
shapes_339_1,26.244882809402327,127.7811509370804,340017
shapes_339_1,26.24555159377219,127.781440615654,340018
shapes_339_1,26.246369526258512,127.78167128562929,340019
shapes_339_1,26.24860197150718,127.78217554092409,340020
shapes_339_1,26.248703007885393,127.7821969985962,340021
shapes_339_1,26.248606,127.782148,350001
shapes_339_1,26.25399045572715,127.78433203697206,350002
shapes_339_1,26.25409148741923,127.7839082479477,350003
shapes_339_1,26.25412516463039,127.78368294239046,350004
shapes_339_1,26.25406262123047,127.78343081474306,350005
shapes_339_1,26.253239931835097,127.78263151645662,350006
shapes_339_1,26.2528502348248,127.78220236301424,350007
shapes_339_1,26.25247015870364,127.78175711631776,350008
shapes_339_1,26.25243,127.78168,360001
shapes_339_1,26.25217,127.78132,360002
shapes_339_1,26.25185,127.78083,360003
shapes_339_1,26.25174,127.78066,360004
shapes_339_1,26.25165,127.78043,360005
shapes_339_1,26.25158,127.78014,360006
shapes_339_1,26.25154,127.78,360007
shapes_339_1,26.2515,127.77984,360008
shapes_339_1,26.25137,127.77929,360009
shapes_339_1,26.25132,127.77895,360010
shapes_339_1,26.25132,127.77869,360011
shapes_339_1,26.25134,127.77843,360012
shapes_339_1,26.25136,127.77806,360013
shapes_339_1,26.25135,127.77788,360014
shapes_339_1,26.25131,127.77764,360015
shapes_339_1,26.25125,127.77738,360016
shapes_339_1,26.2512,127.7772,360017
shapes_339_1,26.25114,127.77708,360018
shapes_339_1,26.25098,127.7769,360019
shapes_339_1,26.25071,127.77669,360020
shapes_339_1,26.25045,127.77652,360021
shapes_339_1,26.25024,127.77636,360022
shapes_339_1,26.25005,127.77617,360023
shapes_339_1,26.24989,127.77596,360024
shapes_339_1,26.24973,127.77571,360025
shapes_339_1,26.24966,127.77557,360026
shapes_339_1,26.24961,127.77541,360027
shapes_339_1,26.24961,127.7753,360028
shapes_339_1,26.24964,127.77514,360029
shapes_339_1,26.24986,127.77445,360030
shapes_339_1,26.25004,127.7739,360031
shapes_339_1,26.2496,127.77371,360032
shapes_339_1,26.24923,127.77355,360033
shapes_339_1,26.24915,127.77352,360034
shapes_339_1,26.24915,127.77352,370001
shapes_339_1,26.24807,127.77306,370002
shapes_339_1,26.24749,127.77281,370003
shapes_339_1,26.24705,127.77263,370004
shapes_339_1,26.24634,127.77233,370005
shapes_339_1,26.24617,127.77218,370006
shapes_339_1,26.24612,127.77206,370007
shapes_339_1,26.2461,127.77202,370008
shapes_339_1,26.24607,127.77185,370009
shapes_339_1,26.24608,127.77169,370010
shapes_339_1,26.24616,127.77146,370011
shapes_339_1,26.24644,127.77099,370012
shapes_339_1,26.24646,127.77097,370013
shapes_339_1,26.24646,127.77097,380001
shapes_339_1,26.24681,127.77039,380002
shapes_339_1,26.24686,127.77029,380003
shapes_339_1,26.24691,127.77,380004
shapes_339_1,26.2471,127.76933,380005
shapes_339_1,26.24732,127.76849,380006
shapes_339_1,26.2471,127.76842,380007
shapes_339_1,26.2469,127.76832,380008
shapes_339_1,26.24673,127.76821,380009
shapes_339_1,26.24651,127.76802,380010
shapes_339_1,26.24637,127.76787,380011
shapes_339_1,26.24615,127.76751,380012
shapes_339_1,26.24598,127.76712,380013
shapes_339_1,26.24582,127.76675,380014
shapes_339_1,26.24574,127.76652,380015
shapes_339_1,26.24565,127.76626,380016
shapes_339_1,26.24553,127.76578,380017
shapes_339_1,26.24497,127.76587,380018
shapes_339_1,26.24497,127.76587,390001
shapes_339_1,26.24553,127.76578,390002
shapes_339_1,26.24551,127.76552,390003
shapes_339_1,26.2455,127.76535,390004
shapes_339_1,26.24553,127.76505,390005
shapes_339_1,26.24559,127.76481,390006
shapes_339_1,26.24568,127.76459,390007
shapes_339_1,26.24582,127.76436,390008
shapes_339_1,26.24595,127.76412,390009
shapes_339_1,26.24606,127.76396,390010
shapes_339_1,26.2462,127.76383,390011
shapes_339_1,26.24657,127.7636,390012
shapes_339_1,26.24681,127.76351,390013
shapes_339_1,26.24702,127.76346,390014
shapes_339_1,26.24727,127.76343,390015
shapes_339_1,26.24766,127.76342,390016
shapes_339_1,26.24828,127.76338,390017
shapes_339_1,26.24841,127.76336,390018
shapes_339_1,26.24969,127.76331,390019
shapes_339_1,26.25019,127.76328,390020
shapes_339_1,26.25047,127.76331,390021
shapes_339_1,26.25072,127.76339,390022
shapes_339_1,26.25108,127.76358,390023
shapes_339_1,26.25158,127.76395,390024
shapes_339_1,26.25185,127.76414,390025
shapes_339_1,26.25221,127.76435,390026
shapes_339_1,26.25262,127.7646,390027
shapes_339_1,26.2529,127.76478,390028
shapes_339_1,26.25365,127.76417,390029
shapes_339_1,26.25385,127.76402,390030
shapes_339_1,26.253916,127.764126,400001
shapes_339_1,26.25294164535197,127.76480555534364,400002
shapes_339_1,26.25349972911569,127.76520252227785,400003
shapes_339_1,26.2537691479041,127.76538491249086,400004
shapes_339_1,26.253980833656644,127.76566386222841,400005
shapes_339_1,26.254048188133392,127.76617884635927,400006
shapes_339_1,26.253913479140866,127.76665091514589,400007
shapes_339_1,26.25347086277986,127.767391204834,400008
shapes_339_1,26.253230309702435,127.76770234107973,400009
shapes_339_1,26.25298975612686,127.7679491043091,400010
shapes_339_1,26.25122888878554,127.76779890060426,400011
shapes_339_1,26.250276277295814,127.76785254478456,400012
shapes_339_1,26.24935252536161,127.7680027484894,400013
shapes_339_1,26.24859234899041,127.76831388473512,400014
shapes_339_1,26.24797650625826,127.76853919029237,400015
shapes_339_1,26.247360660262075,127.76852846145631,400016
shapes_339_1,26.246802547008713,127.77039527893068,400017
shapes_339_1,26.247678206261465,127.77080297470094,400018
shapes_339_1,26.248669329102427,127.77108192443849,400019
shapes_339_1,26.250372501033254,127.77172565460206,400020
shapes_339_1,26.25212375913041,127.77247667312623,400021
shapes_339_1,26.252797312907767,127.77292728424074,400022
shapes_339_1,26.253451618552013,127.77343153953554,400023
shapes_339_1,26.25341,127.77346,410001
shapes_339_1,26.25362,127.77366,410002
shapes_339_1,26.25375,127.77377,410003
shapes_339_1,26.25393,127.77395,410004
shapes_339_1,26.25396,127.77397,410005
shapes_339_1,26.25407,127.77407,410006
shapes_339_1,26.2543,127.77425,410007
shapes_339_1,26.25451,127.77443,410008
shapes_339_1,26.25478,127.77463,410009
shapes_339_1,26.25497,127.77472,410010
shapes_339_1,26.25518,127.77478,410011
shapes_339_1,26.2557,127.77492,410012
shapes_339_1,26.25576,127.77494,410013
shapes_339_1,26.25586,127.77499,410014
shapes_339_1,26.25598,127.77505,410015
shapes_339_1,26.25622,127.77527,410016
shapes_339_1,26.25643,127.77553,410017
shapes_339_1,26.25662,127.7758,410018
shapes_339_1,26.25675,127.77598,410019
shapes_339_1,26.25693,127.77611,410020
shapes_339_1,26.25713,127.77623,410021
shapes_339_1,26.25725,127.77627,410022
shapes_339_1,26.25781,127.7764,410023
shapes_339_1,26.25799,127.77641,410024
shapes_339_1,26.25804,127.77642,410025
shapes_339_1,26.25848,127.77647,410026
shapes_339_1,26.25944,127.77644,410027
shapes_339_1,26.25954,127.77645,410028
shapes_339_1,26.25976,127.77648,410029
shapes_339_1,26.25998,127.77654,410030
shapes_339_1,26.26013,127.77661,410031
shapes_339_1,26.26036,127.7767,410032
shapes_339_1,26.26055,127.77677,410033
shapes_339_1,26.2608,127.77687,410034
shapes_339_1,26.26094,127.77692,410035
shapes_339_1,26.26106,127.77693,410036
shapes_339_1,26.26119,127.77691,410037
shapes_339_1,26.26136,127.77688,410038
shapes_339_1,26.26146,127.77685,410039
shapes_339_1,26.26154,127.77681,410040
shapes_339_1,26.26168,127.77668,410041
shapes_339_1,26.26178,127.77654,410042
shapes_339_1,26.26186,127.77641,410043
shapes_339_1,26.26194,127.77622,410044
shapes_339_1,26.26211,127.77576,410045
shapes_339_1,26.26213,127.7757,410046
shapes_339_1,26.26215,127.77564,410047
shapes_339_1,26.26215,127.77564,420001
shapes_339_1,26.26224,127.77542,420002
shapes_339_1,26.26231,127.7753,420003
shapes_339_1,26.26238,127.7752,420004
shapes_339_1,26.26245,127.77511,420005
shapes_339_1,26.26251,127.77507,420006
shapes_339_1,26.26264,127.77499,420007
shapes_339_1,26.26286,127.77488,420008
shapes_339_1,26.26302,127.77481,420009
shapes_339_1,26.26322,127.77476,420010
shapes_339_1,26.26354,127.77471,420011
shapes_339_1,26.26371,127.77469,420012
shapes_339_1,26.26387,127.7747,420013
shapes_339_1,26.26398,127.7747,420014
shapes_339_1,26.2641,127.77473,420015
shapes_339_1,26.26427,127.77479,420016
shapes_339_1,26.26503,127.77516,420017
shapes_339_1,26.26561,127.77548,420018
shapes_339_1,26.26597899268709,127.77566625969486,420019
shapes_339_1,26.26622,127.77581,420020
shapes_339_1,26.26656518162224,127.77598797809334,420021
shapes_339_1,26.266939386404193,127.77621340937914,420022
shapes_339_1,26.26749340043863,127.77659952174874,420023
shapes_339_1,26.26804262016734,127.77693469310181,420024
shapes_339_1,26.268049,127.776938,430001
shapes_339_1,26.268634323159482,127.77734756469728,430002
shapes_339_1,26.26925005636203,127.77772307395936,430003
shapes_339_1,26.269933131562382,127.77802348136903,430004
shapes_339_1,26.270289098735656,127.77814149856569,430005
shapes_339_1,26.270645064817337,127.77819514274599,430006
shapes_339_1,26.271482061843496,127.77844190597536,430007
shapes_339_1,26.271857265447778,127.77862429618837,430008
shapes_339_1,26.27213626221347,127.7789032459259,430009
shapes_339_1,26.2723479144849,127.77926802635194,430010
shapes_339_1,26.272424878851567,127.77996540069581,430011
shapes_339_1,26.272540325305847,127.78046965599061,430012
shapes_339_1,26.272800079408192,127.78092026710512,430013
shapes_339_1,26.271568647398304,127.78108119964601,430014
shapes_339_1,26.270943305829118,127.78122067451478,430015
shapes_339_1,26.270510375076963,127.78156399726869,430016
shapes_339_1,26.269779199473714,127.78221845626832,430017
shapes_339_1,26.269480955471018,127.78252959251405,430018
shapes_339_1,26.269298160380963,127.782701253891,430019
shapes_339_1,26.26917308989032,127.7829158306122,430020
shapes_339_1,26.269423230736827,127.7838706970215,430021
shapes_339_1,26.269557921738613,127.78424620628358,430022
shapes_339_1,26.269461713896135,127.78455734252931,430023
shapes_339_1,26.269654129501347,127.78454661369325,430024
shapes_339_1,26.269740716419648,127.78458952903749,430025
shapes_339_1,26.269721474887817,127.78469681739809,430026
shapes_339_1,26.269643,127.784697,440001
shapes_339_1,26.269557921738613,127.78461098670961,440002
shapes_339_1,26.26938474756475,127.78463244438173,440003
shapes_339_1,26.26945209310752,127.78427839279176,440004
shapes_339_1,26.269269297972,127.7837634086609,440005
shapes_339_1,26.2690672609084,127.78309822082521,440006
shapes_339_1,26.269144227450287,127.78267979621889,440007
shapes_339_1,26.270394926603693,127.78149962425233,440008
shapes_339_1,26.270981788484498,127.78110265731813,440009
shapes_339_1,26.271472441222308,127.78099536895753,440010
shapes_339_1,26.272723115290322,127.78085589408876,440011
shapes_339_1,26.273002109974758,127.78112411499025,440012
shapes_339_1,26.273473513262534,127.7812421321869,440013
shapes_339_1,26.274507707645153,127.78093099594118,440014
shapes_339_1,26.275431259490357,127.7809900045395,440015
shapes_339_1,26.27582088072076,127.78115630149843,440016
shapes_339_1,26.276147969138727,127.78143525123598,440017
shapes_339_1,26.276893534881133,127.7821969985962,440018
shapes_339_1,26.277273531061873,127.78257787227632,440019
shapes_339_1,26.277687196375673,127.78290510177614,440020
shapes_339_1,26.27763,127.78291,450001
shapes_339_1,26.27787,127.7831,450002
shapes_339_1,26.27854,127.78361,450003
shapes_339_1,26.27902,127.78404,450004
shapes_339_1,26.27934,127.78422,450005
shapes_339_1,26.27924,127.78442,450006
shapes_339_1,26.27914,127.78463,450007
shapes_339_1,26.27906,127.78479,450008
shapes_339_1,26.279,127.78489,450009
shapes_339_1,26.279,127.78489,460001
shapes_339_1,26.27906,127.78479,460002
shapes_339_1,26.27914,127.78463,460003
shapes_339_1,26.27924,127.78442,460004
shapes_339_1,26.27934,127.78422,460005
shapes_339_1,26.27942,127.78425,460006
shapes_339_1,26.28011,127.78433,460007
shapes_339_1,26.28019,127.78434,460008
shapes_339_1,26.28073,127.7845,460009
shapes_339_1,26.28117,127.78465,460010
shapes_339_1,26.28117,127.78465,470001
shapes_339_1,26.28157,127.78478,470002
shapes_339_1,26.28173,127.78481,470003
shapes_339_1,26.28186,127.78482,470004
shapes_339_1,26.28195,127.78482,470005
shapes_339_1,26.28231,127.78482,470006
shapes_339_1,26.28239,127.78482,470007
shapes_339_1,26.28283,127.78479,470008
shapes_339_1,26.2832,127.78412,470009
shapes_339_1,26.28327,127.7841,470010
shapes_339_1,26.28341,127.78408,470011
shapes_339_1,26.28353,127.7841,470012
shapes_339_1,26.28423,127.78438,470013
shapes_339_1,26.28461,127.78452,470014
shapes_339_1,26.2848,127.78457,470015
shapes_339_1,26.28494,127.78457,470016
shapes_339_1,26.28509,127.78452,470017
shapes_339_1,26.28521,127.78441,470018
shapes_339_1,26.28549,127.78397,470019
shapes_339_1,26.28571,127.78359,470020
shapes_339_1,26.28586,127.78331,470021
shapes_339_1,26.28622,127.78272,470022
shapes_339_1,26.28628,127.78262,470023
shapes_339_1,26.2862,127.782562,480001
shapes_339_1,26.28648925988165,127.78218626976015,480002
shapes_339_1,26.286777840821102,127.78172492980958,480003
shapes_339_1,26.287210710884178,127.78041601181032,480004
shapes_339_1,26.287835964790048,127.77755141258241,480005
shapes_339_1,26.288730552979032,127.77775526046754,480006
shapes_339_1,26.289240368967995,127.77778744697572,480007
shapes_339_1,26.28969246806457,127.77777671813966,480008
shapes_339_1,26.289730944502043,127.77774453163148,480009
shapes_339_1,26.28974056360944,127.77766942977907,480010
shapes_339_1,26.289632,127.777653,490001
shapes_339_1,26.289932945589445,127.77785181999208,490002
shapes_339_1,26.289759801821788,127.778377532959,490003
shapes_339_1,26.289653991614326,127.7786672115326,490004
shapes_339_1,26.289586657795663,127.77887105941774,490005
shapes_339_1,26.2895097048122,127.77928948402406,490006
shapes_339_1,26.28949046655835,127.77966499328615,490007
shapes_339_1,26.28953856218698,127.78077006340028,490008
shapes_339_1,26.289134558286634,127.78067350387575,490009
shapes_339_1,26.288730552979032,127.78078079223634,490010
shapes_339_1,26.287893680365308,127.78132796287538,490011
shapes_339_1,26.28748005144148,127.78157472610475,490012
shapes_339_1,26.286883653652367,127.78167128562929,490013
shapes_339_1,26.286556595498396,127.7822506427765,490014
shapes_339_1,26.286277633403092,127.78273344039918,490015
shapes_339_1,26.28622,127.78272,500001
shapes_339_1,26.28586,127.78331,500002
shapes_339_1,26.28571,127.78359,500003
shapes_339_1,26.28549,127.78397,500004
shapes_339_1,26.28521,127.78441,500005
shapes_339_1,26.28509,127.78452,500006
shapes_339_1,26.28494,127.78457,500007
shapes_339_1,26.2848,127.78457,500008
shapes_339_1,26.28461,127.78452,500009
shapes_339_1,26.28423,127.78438,500010
shapes_339_1,26.28353,127.7841,500011
shapes_339_1,26.28341,127.78408,500012
shapes_339_1,26.28327,127.7841,500013
shapes_339_1,26.2832,127.78412,500014
shapes_339_1,26.28283,127.78479,500015
shapes_339_1,26.28277,127.78502,500016
shapes_339_1,26.28273,127.78512,500017
shapes_339_1,26.28268,127.78521,500018
shapes_339_1,26.28262,127.78527,500019
shapes_339_1,26.28255,127.78533,500020
shapes_339_1,26.28245,127.78537,500021
shapes_339_1,26.28236,127.7854,500022
shapes_339_1,26.28223,127.7854,500023
shapes_339_1,26.2821,127.78545,500024
shapes_339_1,26.28198,127.78551,500025
shapes_339_1,26.2819,127.7856,500026
shapes_339_1,26.28167,127.7858,500027
shapes_339_1,26.28154,127.78591,500028
shapes_339_1,26.28125,127.78607,500029
shapes_339_1,26.28116,127.78616,500030
shapes_339_1,26.28096,127.78631,500031
shapes_339_1,26.28083,127.78648,500032
shapes_339_1,26.28081,127.7865,500033
shapes_339_1,26.28081,127.7865,510001
shapes_339_1,26.28078,127.78656,510002
shapes_339_1,26.28062,127.78681,510003
shapes_339_1,26.28049,127.78694,510004
shapes_339_1,26.28023,127.78721,510005
shapes_339_1,26.28009,127.78738,510006
shapes_339_1,26.27952,127.7882,510007
shapes_339_1,26.27932,127.78848,510008
shapes_339_1,26.2792,127.78863,510009
shapes_339_1,26.27907,127.78883,510010
shapes_339_1,26.27901,127.78891,510011
shapes_339_1,26.27881,127.78918,510012
shapes_339_1,26.27854,127.78951,510013
shapes_339_1,26.27838,127.78973,510014
shapes_339_1,26.27833,127.78991,510015
shapes_339_1,26.2783,127.79004,510016
shapes_339_1,26.27828,127.79033,510017
shapes_339_1,26.27825,127.79046,510018
shapes_339_1,26.27819,127.79063,510019
shapes_339_1,26.27796,127.79103,510020
shapes_339_1,26.27766,127.79143,510021
shapes_339_1,26.27758,127.79157,510022
shapes_339_1,26.27756,127.79169,510023
shapes_339_1,26.27754,127.79185,510024
shapes_339_1,26.27756,127.79233,510025
shapes_339_1,26.2776,127.7929,510026
shapes_339_1,26.27761,127.79306,510027
shapes_339_1,26.27768,127.79354,510028
shapes_339_1,26.27774,127.79392,510029
shapes_339_1,26.2778,127.79427,510030
shapes_339_1,26.27785,127.79451,510031
shapes_339_1,26.27792,127.79471,510032
shapes_339_1,26.27774,127.79487,510033
shapes_339_1,26.27741,127.79531,510034
shapes_339_1,26.27723,127.7955,510035
shapes_339_1,26.2771,127.79557,510036
shapes_339_1,26.27694,127.7956,510037
shapes_339_1,26.27672,127.79558,510038
shapes_339_1,26.2759,127.79532,510039
shapes_339_1,26.27576,127.79533,510040
shapes_339_1,26.2757,127.79537,510041
shapes_339_1,26.27565,127.79542,510042
shapes_339_1,26.27561,127.79548,510043
shapes_339_1,26.27559,127.79557,510044
shapes_339_1,26.27559,127.79567,510045
shapes_339_1,26.27562,127.79576,510046
shapes_339_1,26.27569,127.79588,510047
shapes_339_1,26.27593,127.7961,510048
shapes_339_1,26.27615,127.79627,510049
shapes_339_1,26.27645,127.79653,510050
shapes_339_1,26.2765,127.79666,510051
shapes_339_1,26.2765,127.79674,510052
shapes_339_1,26.27647,127.79682,510053
shapes_339_1,26.27616,127.79677,510054
shapes_339_1,26.27563,127.7968,510055
shapes_339_1,26.27465,127.79693,510056
shapes_339_1,26.27434,127.797,510057
shapes_339_1,26.27414,127.79702,510058
shapes_339_1,26.27401,127.79702,510059
shapes_339_1,26.27374,127.79689,510060
shapes_339_1,26.27354,127.79681,510061
shapes_339_1,26.27338,127.79684,510062
shapes_339_1,26.27327,127.79688,510063
shapes_339_1,26.2735,127.79713,510064
shapes_339_1,26.27381,127.79744,510065
shapes_339_1,26.27445,127.79798,510066
shapes_339_1,26.27445,127.79798,520001
shapes_339_1,26.2751,127.79856,520002
shapes_339_1,26.27542,127.79882,520003
shapes_339_1,26.27554,127.79892,520004
shapes_339_1,26.27588,127.79923,520005
shapes_339_1,26.27616,127.79947,520006
shapes_339_1,26.27641,127.7997,520007
shapes_339_1,26.27666,127.79995,520008
shapes_339_1,26.27675,127.80005,520009
shapes_339_1,26.27747,127.80115,520010
shapes_339_1,26.2776,127.80137,520011
shapes_339_1,26.27807,127.80225,520012
shapes_339_1,26.27821,127.80264,520013
shapes_339_1,26.27826,127.80296,520014
shapes_339_1,26.27828,127.80327,520015
shapes_339_1,26.27827,127.80357,520016
shapes_339_1,26.27824,127.80385,520017
shapes_339_1,26.27821,127.80415,520018
shapes_339_1,26.27816,127.80447,520019
shapes_339_1,26.27814,127.80459,520020
shapes_339_1,26.27807,127.80484,520021
shapes_339_1,26.27802,127.80515,520022
shapes_339_1,26.27789,127.80543,520023
shapes_339_1,26.27772,127.80574,520024
shapes_339_1,26.27745,127.80614,520025
shapes_339_1,26.27731,127.80638,520026
shapes_339_1,26.27726,127.80652,520027
shapes_339_1,26.27718,127.80676,520028
shapes_339_1,26.27714,127.80704,520029
shapes_339_1,26.27715,127.80733,520030
shapes_339_1,26.27719,127.80753,520031
shapes_339_1,26.27728,127.8078,520032
shapes_339_1,26.27741,127.80811,520033
shapes_339_1,26.27763,127.80865,520034
shapes_339_1,26.27823,127.81008,520035
shapes_339_1,26.27859,127.81091,520036
shapes_339_1,26.2788,127.81136,520037
shapes_339_1,26.27903,127.81185,520038
shapes_339_1,26.27948,127.81272,520039
shapes_339_1,26.27977,127.81322,520040
shapes_339_1,26.28006,127.81356,520041
shapes_339_1,26.28045,127.81396,520042
shapes_339_1,26.28083,127.81432,520043
shapes_339_1,26.2811,127.81458,520044
shapes_339_1,26.28137,127.81484,520045
shapes_339_1,26.2816,127.815,520046
shapes_339_1,26.28191,127.81518,520047
shapes_339_1,26.28234,127.81535,520048
shapes_339_1,26.28261,127.81542,520049
shapes_339_1,26.28312,127.81552,520050
shapes_339_1,26.28359,127.81556,520051
shapes_339_1,26.28407,127.81553,520052
shapes_339_1,26.28413848211458,127.81593101564798,520053
shapes_339_1,26.284539215488028,127.8158694924787,520054
shapes_339_1,26.284618651804642,127.81614844221625,520055
shapes_339_1,26.28461453720016,127.81615847954528,530001
shapes_339_1,26.284662578486135,127.81644176691772,530002
shapes_339_1,26.284290215725967,127.81653822166847,530003
shapes_339_1,26.284225734601858,127.81593464082107,530004
shapes_339_1,26.28412715281395,127.81592623796315,530005
shapes_339_1,26.28407,127.81553,530006
shapes_339_1,26.28359,127.81556,530007
shapes_339_1,26.28312,127.81552,530008
shapes_339_1,26.28261,127.81542,530009
shapes_339_1,26.28234,127.81535,530010
shapes_339_1,26.28191,127.81518,530011
shapes_339_1,26.2816,127.815,530012
shapes_339_1,26.28137,127.81484,530013
shapes_339_1,26.2811,127.81458,530014
shapes_339_1,26.28083,127.81432,530015
shapes_339_1,26.28045,127.81396,530016
shapes_339_1,26.28006,127.81356,530017
shapes_339_1,26.27977,127.81322,530018
shapes_339_1,26.27948,127.81272,530019
shapes_339_1,26.27903,127.81185,530020
shapes_339_1,26.27898,127.81175,530021
shapes_339_1,26.27898,127.81175,540001
shapes_339_1,26.2788,127.81136,540002
shapes_339_1,26.27859,127.81091,540003
shapes_339_1,26.27823,127.81008,540004
shapes_339_1,26.27763,127.80865,540005
shapes_339_1,26.27741,127.80811,540006
shapes_339_1,26.27728,127.8078,540007
shapes_339_1,26.27719,127.80753,540008
shapes_339_1,26.27715,127.80733,540009
shapes_339_1,26.27714,127.80704,540010
shapes_339_1,26.27718,127.80676,540011
shapes_339_1,26.27726,127.80652,540012
shapes_339_1,26.27731,127.80638,540013
shapes_339_1,26.27723,127.80624,540014
shapes_339_1,26.27705,127.80578,540015
shapes_339_1,26.27696,127.80533,540016
shapes_339_1,26.27688,127.80506,540017
shapes_339_1,26.27683,127.80488,540018
shapes_339_1,26.27682,127.80486,540019
shapes_339_1,26.27682,127.80486,550001
shapes_339_1,26.27674,127.80458,550002
shapes_339_1,26.27659,127.80426,550003
shapes_339_1,26.27652,127.80413,550004
shapes_339_1,26.2763,127.80385,550005
shapes_339_1,26.27601,127.80346,550006
shapes_339_1,26.27573,127.80305,550007
shapes_339_1,26.27543,127.80262,550008
shapes_339_1,26.27525,127.80234,550009
shapes_339_1,26.27496,127.80196,550010
shapes_339_1,26.27475,127.80169,550011
shapes_339_1,26.27463,127.80156,550012
shapes_339_1,26.27463,127.80156,560001
shapes_339_1,26.2746,127.80153,560002
shapes_339_1,26.27415,127.80105,560003
shapes_339_1,26.27403,127.80107,560004
shapes_339_1,26.27371,127.80079,560005
shapes_339_1,26.27357,127.80065,560006
shapes_339_1,26.27351,127.80055,560007
shapes_339_1,26.27344,127.80038,560008
shapes_339_1,26.27344,127.80037,560009
shapes_339_1,26.27329,127.79998,560010
shapes_339_1,26.27323,127.79984,560011
shapes_339_1,26.27308,127.79936,560012
shapes_339_1,26.27304,127.79926,560013
shapes_339_1,26.27304,127.79926,570001
shapes_339_1,26.27304,127.79926,570002
shapes_339_1,26.27304,127.7992,570003
shapes_339_1,26.27296,127.79898,570004
shapes_339_1,26.2728,127.79866,570005
shapes_339_1,26.27251,127.79818,570006
shapes_339_1,26.27235,127.79794,570007
shapes_339_1,26.27223,127.7978,570008
shapes_339_1,26.2721,127.79767,570009
shapes_339_1,26.27185,127.79744,570010
shapes_339_1,26.27171,127.79731,570011
shapes_339_1,26.27153,127.79711,570012
shapes_339_1,26.2714,127.7969,570013
shapes_339_1,26.27134,127.79674,570014
shapes_339_1,26.2713,127.79658,570015
shapes_339_1,26.27123,127.79621,570016
shapes_339_1,26.27122,127.79614,570017
shapes_339_1,26.27121,127.79605,570018
shapes_339_1,26.27113,127.79576,570019
shapes_339_1,26.27113,127.79576,580001
shapes_339_1,26.27113,127.79576,580002
shapes_339_1,26.27102,127.79553,580003
shapes_339_1,26.27101,127.79551,580004
shapes_339_1,26.27077,127.79513,580005
shapes_339_1,26.27048,127.79472,580006
shapes_339_1,26.27043,127.79465,580007
shapes_339_1,26.27013,127.79423,580008
shapes_339_1,26.26983,127.79383,580009
shapes_339_1,26.26953,127.79349,580010
shapes_339_1,26.26944,127.79336,580011
shapes_339_1,26.26928,127.79322,580012
shapes_339_1,26.26901,127.79294,580013
shapes_339_1,26.26809,127.79207,580014
shapes_339_1,26.26761,127.79162,580015
shapes_339_1,26.26749,127.79151,580016
shapes_339_1,26.26743,127.79146,580017
shapes_339_1,26.26713,127.79118,580018
shapes_339_1,26.26713,127.79118,590001
shapes_339_1,26.26707,127.79112,590002
shapes_339_1,26.26695,127.79101,590003
shapes_339_1,26.26676,127.79083,590004
shapes_339_1,26.26663,127.79073,590005
shapes_339_1,26.26651,127.79066,590006
shapes_339_1,26.26637,127.79061,590007
shapes_339_1,26.26623,127.79057,590008
shapes_339_1,26.26605,127.79053,590009
shapes_339_1,26.26552,127.7904,590010
shapes_339_1,26.26519,127.79031,590011
shapes_339_1,26.26515,127.7903,590012
shapes_339_1,26.26492,127.79024,590013
shapes_339_1,26.26473,127.7902,590014
shapes_339_1,26.26434,127.79012,590015
shapes_339_1,26.26378,127.79001,590016
shapes_339_1,26.26364,127.79001,590017
shapes_339_1,26.26341,127.79,590018
shapes_339_1,26.26319,127.78999,590019
shapes_339_1,26.26309,127.78996,590020
shapes_339_1,26.26302,127.78994,590021
shapes_339_1,26.26293,127.78986,590022
shapes_339_1,26.26251,127.78944,590023
shapes_339_1,26.2623,127.78988,590024
shapes_339_1,26.2623,127.78988,600001
shapes_339_1,26.26211,127.7903,600002
shapes_339_1,26.26206,127.79041,600003
shapes_339_1,26.26195,127.79059,600004
shapes_339_1,26.26184,127.79073,600005
shapes_339_1,26.26171,127.79084,600006
shapes_339_1,26.26139,127.79101,600007
shapes_339_1,26.26096,127.79122,600008
shapes_339_1,26.26062,127.79136,600009
shapes_339_1,26.26043,127.79137,600010
shapes_339_1,26.26026,127.79141,600011
shapes_339_1,26.2601,127.79148,600012
shapes_339_1,26.26,127.79155,600013
shapes_339_1,26.25991,127.79168,600014
shapes_339_1,26.25976,127.79158,600015
shapes_339_1,26.25962,127.79149,600016
shapes_339_1,26.25943,127.79134,600017
shapes_339_1,26.25929,127.79122,600018
shapes_340_1,26.25929,127.79122,610001
shapes_340_1,26.25943,127.79134,610002
shapes_340_1,26.25962,127.79149,610003
shapes_340_1,26.25976,127.79158,610004
shapes_340_1,26.25991,127.79168,610005
shapes_340_1,26.26,127.79155,610006
shapes_340_1,26.2601,127.79148,610007
shapes_340_1,26.26026,127.79141,610008
shapes_340_1,26.26043,127.79137,610009
shapes_340_1,26.26062,127.79136,610010
shapes_340_1,26.26096,127.79122,610011
shapes_340_1,26.26139,127.79101,610012
shapes_340_1,26.26171,127.79084,610013
shapes_340_1,26.26184,127.79073,610014
shapes_340_1,26.26195,127.79059,610015
shapes_340_1,26.26206,127.79041,610016
shapes_340_1,26.26211,127.7903,610017
shapes_340_1,26.2623,127.78988,610018
shapes_340_1,26.2623,127.78988,620001
shapes_340_1,26.26251,127.78944,620002
shapes_340_1,26.26293,127.78986,620003
shapes_340_1,26.26302,127.78994,620004
shapes_340_1,26.26309,127.78996,620005
shapes_340_1,26.26319,127.78999,620006
shapes_340_1,26.26341,127.79,620007
shapes_340_1,26.26364,127.79001,620008
shapes_340_1,26.26378,127.79001,620009
shapes_340_1,26.26434,127.79012,620010
shapes_340_1,26.26473,127.7902,620011
shapes_340_1,26.26492,127.79024,620012
shapes_340_1,26.26515,127.7903,620013
shapes_340_1,26.26519,127.79031,620014
shapes_340_1,26.26552,127.7904,620015
shapes_340_1,26.26605,127.79053,620016
shapes_340_1,26.26623,127.79057,620017
shapes_340_1,26.26637,127.79061,620018
shapes_340_1,26.26651,127.79066,620019
shapes_340_1,26.26663,127.79073,620020
shapes_340_1,26.26676,127.79083,620021
shapes_340_1,26.26695,127.79101,620022
shapes_340_1,26.26707,127.79112,620023
shapes_340_1,26.26707,127.79112,630001
shapes_340_1,26.26713,127.79118,630002
shapes_340_1,26.26743,127.79146,630003
shapes_340_1,26.26749,127.79151,630004
shapes_340_1,26.26761,127.79162,630005
shapes_340_1,26.26809,127.79207,630006
shapes_340_1,26.26901,127.79294,630007
shapes_340_1,26.26928,127.79322,630008
shapes_340_1,26.26944,127.79336,630009
shapes_340_1,26.26953,127.79349,630010
shapes_340_1,26.26983,127.79383,630011
shapes_340_1,26.27013,127.79423,630012
shapes_340_1,26.27041,127.79462,630013
shapes_340_1,26.27043,127.79465,630014
shapes_340_1,26.27043,127.79466,630015
shapes_340_1,26.27048,127.79472,630016
shapes_340_1,26.27077,127.79513,630017
shapes_340_1,26.27101,127.79551,630018
shapes_340_1,26.27102,127.79553,630019
shapes_340_1,26.27102,127.79553,640001
shapes_340_1,26.27113,127.79576,640002
shapes_340_1,26.27121,127.79605,640003
shapes_340_1,26.27122,127.79614,640004
shapes_340_1,26.27123,127.79621,640005
shapes_340_1,26.2713,127.79658,640006
shapes_340_1,26.27134,127.79674,640007
shapes_340_1,26.2714,127.7969,640008
shapes_340_1,26.27153,127.79711,640009
shapes_340_1,26.27171,127.79731,640010
shapes_340_1,26.27185,127.79744,640011
shapes_340_1,26.2721,127.79767,640012
shapes_340_1,26.27223,127.7978,640013
shapes_340_1,26.27235,127.79794,640014
shapes_340_1,26.27251,127.79818,640015
shapes_340_1,26.2728,127.79866,640016
shapes_340_1,26.27296,127.79898,640017
shapes_340_1,26.27304,127.7992,640018
shapes_340_1,26.27304,127.79926,640019
shapes_340_1,26.27304,127.79926,640020
shapes_340_1,26.27308,127.79936,640021
shapes_340_1,26.27308,127.79936,650001
shapes_340_1,26.27323,127.79984,650002
shapes_340_1,26.27329,127.79998,650003
shapes_340_1,26.27344,127.80037,650004
shapes_340_1,26.27344,127.80038,650005
shapes_340_1,26.27351,127.80055,650006
shapes_340_1,26.27357,127.80065,650007
shapes_340_1,26.27371,127.80079,650008
shapes_340_1,26.27403,127.80107,650009
shapes_340_1,26.27415,127.80105,650010
shapes_340_1,26.2746,127.80153,650011
shapes_340_1,26.2746,127.80153,660001
shapes_340_1,26.27463,127.80156,660002
shapes_340_1,26.27475,127.80169,660003
shapes_340_1,26.27496,127.80196,660004
shapes_340_1,26.27525,127.80234,660005
shapes_340_1,26.27543,127.80262,660006
shapes_340_1,26.27573,127.80305,660007
shapes_340_1,26.27601,127.80346,660008
shapes_340_1,26.2763,127.80385,660009
shapes_340_1,26.27652,127.80413,660010
shapes_340_1,26.27659,127.80426,660011
shapes_340_1,26.27674,127.80458,660012
shapes_340_1,26.27682,127.80486,660013
shapes_340_1,26.27683,127.80488,660014
shapes_340_1,26.27688,127.80506,660015
shapes_340_1,26.27688,127.80506,670001
shapes_340_1,26.27696,127.80533,670002
shapes_340_1,26.27705,127.80578,670003
shapes_340_1,26.27723,127.80624,670004
shapes_340_1,26.27731,127.80638,670005
shapes_340_1,26.27726,127.80652,670006
shapes_340_1,26.27718,127.80676,670007
shapes_340_1,26.27714,127.80704,670008
shapes_340_1,26.27715,127.80733,670009
shapes_340_1,26.27719,127.80753,670010
shapes_340_1,26.27728,127.8078,670011
shapes_340_1,26.27741,127.80811,670012
shapes_340_1,26.27763,127.80865,670013
shapes_340_1,26.27823,127.81008,670014
shapes_340_1,26.27859,127.81091,670015
shapes_340_1,26.2788,127.81136,670016
shapes_340_1,26.27903,127.81185,670017
shapes_340_1,26.27918,127.81214,670018
shapes_340_1,26.27918,127.81214,680001
shapes_340_1,26.27948,127.81272,680002
shapes_340_1,26.27977,127.81322,680003
shapes_340_1,26.28006,127.81356,680004
shapes_340_1,26.28045,127.81396,680005
shapes_340_1,26.28083,127.81432,680006
shapes_340_1,26.2811,127.81458,680007
shapes_340_1,26.28137,127.81484,680008
shapes_340_1,26.2816,127.815,680009
shapes_340_1,26.28191,127.81518,680010
shapes_340_1,26.28234,127.81535,680011
shapes_340_1,26.28261,127.81542,680012
shapes_340_1,26.28312,127.81552,680013
shapes_340_1,26.28359,127.81556,680014
shapes_340_1,26.28407,127.81553,680015
shapes_340_1,26.284157477009202,127.81600687187166,680016
shapes_340_1,26.284532245080186,127.81593141378836,680017
shapes_340_1,26.284606890423447,127.81614467035982,680018
shapes_340_1,26.284629642870634,127.81616342486815,690001
shapes_340_1,26.284660718460177,127.81641511246565,690002
shapes_340_1,26.28428348954979,127.81652407720686,690003
shapes_340_1,26.284253653880864,127.81599019188435,690004
shapes_340_1,26.28414475738179,127.81599381705747,690005
shapes_340_1,26.28407,127.81553,690006
shapes_340_1,26.28359,127.81556,690007
shapes_340_1,26.28312,127.81552,690008
shapes_340_1,26.28261,127.81542,690009
shapes_340_1,26.28234,127.81535,690010
shapes_340_1,26.28191,127.81518,690011
shapes_340_1,26.2816,127.815,690012
shapes_340_1,26.28137,127.81484,690013
shapes_340_1,26.2811,127.81458,690014
shapes_340_1,26.28083,127.81432,690015
shapes_340_1,26.28045,127.81396,690016
shapes_340_1,26.28006,127.81356,690017
shapes_340_1,26.27977,127.81322,690018
shapes_340_1,26.27948,127.81272,690019
shapes_340_1,26.27903,127.81185,690020
shapes_340_1,26.2788,127.81136,690021
shapes_340_1,26.27859,127.81091,690022
shapes_340_1,26.27823,127.81008,690023
shapes_340_1,26.27763,127.80865,690024
shapes_340_1,26.27741,127.80811,690025
shapes_340_1,26.27728,127.8078,690026
shapes_340_1,26.27719,127.80753,690027
shapes_340_1,26.27715,127.80733,690028
shapes_340_1,26.27714,127.80704,690029
shapes_340_1,26.27718,127.80676,690030
shapes_340_1,26.27726,127.80652,690031
shapes_340_1,26.27731,127.80638,690032
shapes_340_1,26.27745,127.80614,690033
shapes_340_1,26.27772,127.80574,690034
shapes_340_1,26.27789,127.80543,690035
shapes_340_1,26.27802,127.80515,690036
shapes_340_1,26.27807,127.80484,690037
shapes_340_1,26.27814,127.80459,690038
shapes_340_1,26.27816,127.80447,690039
shapes_340_1,26.27821,127.80415,690040
shapes_340_1,26.27824,127.80385,690041
shapes_340_1,26.27827,127.80357,690042
shapes_340_1,26.27828,127.80327,690043
shapes_340_1,26.27826,127.80296,690044
shapes_340_1,26.27821,127.80264,690045
shapes_340_1,26.27807,127.80225,690046
shapes_340_1,26.2776,127.80137,690047
shapes_340_1,26.27747,127.80115,690048
shapes_340_1,26.27675,127.80005,690049
shapes_340_1,26.27666,127.79995,690050
shapes_340_1,26.27641,127.7997,690051
shapes_340_1,26.27616,127.79947,690052
shapes_340_1,26.27588,127.79923,690053
shapes_340_1,26.27554,127.79892,690054
shapes_340_1,26.27542,127.79882,690055
shapes_340_1,26.2751,127.79856,690056
shapes_340_1,26.27451,127.79804,690057
shapes_340_1,26.27451,127.79804,700001
shapes_340_1,26.27445,127.79798,700002
shapes_340_1,26.27381,127.79744,700003
shapes_340_1,26.2735,127.79713,700004
shapes_340_1,26.27327,127.79688,700005
shapes_340_1,26.27338,127.79684,700006
shapes_340_1,26.27354,127.79681,700007
shapes_340_1,26.27374,127.79689,700008
shapes_340_1,26.27401,127.79702,700009
shapes_340_1,26.27414,127.79702,700010
shapes_340_1,26.27434,127.797,700011
shapes_340_1,26.27465,127.79693,700012
shapes_340_1,26.27563,127.7968,700013
shapes_340_1,26.27616,127.79677,700014
shapes_340_1,26.27647,127.79682,700015
shapes_340_1,26.2765,127.79674,700016
shapes_340_1,26.2765,127.79666,700017
shapes_340_1,26.27645,127.79653,700018
shapes_340_1,26.27615,127.79627,700019
shapes_340_1,26.27593,127.7961,700020
shapes_340_1,26.27569,127.79588,700021
shapes_340_1,26.27562,127.79576,700022
shapes_340_1,26.27559,127.79567,700023
shapes_340_1,26.27559,127.79557,700024
shapes_340_1,26.27561,127.79548,700025
shapes_340_1,26.27565,127.79542,700026
shapes_340_1,26.2757,127.79537,700027
shapes_340_1,26.27576,127.79533,700028
shapes_340_1,26.2759,127.79532,700029
shapes_340_1,26.27672,127.79558,700030
shapes_340_1,26.27694,127.7956,700031
shapes_340_1,26.2771,127.79557,700032
shapes_340_1,26.27723,127.7955,700033
shapes_340_1,26.27741,127.79531,700034
shapes_340_1,26.27774,127.79487,700035
shapes_340_1,26.27792,127.79471,700036
shapes_340_1,26.27785,127.79451,700037
shapes_340_1,26.2778,127.79427,700038
shapes_340_1,26.27774,127.79392,700039
shapes_340_1,26.27768,127.79354,700040
shapes_340_1,26.27761,127.79306,700041
shapes_340_1,26.2776,127.7929,700042
shapes_340_1,26.27756,127.79233,700043
shapes_340_1,26.27754,127.79185,700044
shapes_340_1,26.27756,127.79169,700045
shapes_340_1,26.27758,127.79157,700046
shapes_340_1,26.27766,127.79143,700047
shapes_340_1,26.27796,127.79103,700048
shapes_340_1,26.27819,127.79063,700049
shapes_340_1,26.27825,127.79046,700050
shapes_340_1,26.27828,127.79033,700051
shapes_340_1,26.2783,127.79004,700052
shapes_340_1,26.27833,127.78991,700053
shapes_340_1,26.27838,127.78973,700054
shapes_340_1,26.27854,127.78951,700055
shapes_340_1,26.27881,127.78918,700056
shapes_340_1,26.27901,127.78891,700057
shapes_340_1,26.27907,127.78883,700058
shapes_340_1,26.2792,127.78863,700059
shapes_340_1,26.27932,127.78848,700060
shapes_340_1,26.27952,127.7882,700061
shapes_340_1,26.28009,127.78738,700062
shapes_340_1,26.28023,127.78721,700063
shapes_340_1,26.28049,127.78694,700064
shapes_340_1,26.28062,127.78681,700065
shapes_340_1,26.28078,127.78656,700066
shapes_340_1,26.28078,127.78656,710001
shapes_340_1,26.28081,127.7865,710002
shapes_340_1,26.28083,127.78648,710003
shapes_340_1,26.28096,127.78631,710004
shapes_340_1,26.28116,127.78616,710005
shapes_340_1,26.28125,127.78607,710006
shapes_340_1,26.28154,127.78591,710007
shapes_340_1,26.28167,127.7858,710008
shapes_340_1,26.2819,127.7856,710009
shapes_340_1,26.28198,127.78551,710010
shapes_340_1,26.2821,127.78545,710011
shapes_340_1,26.28223,127.7854,710012
shapes_340_1,26.28236,127.7854,710013
shapes_340_1,26.28245,127.78537,710014
shapes_340_1,26.28255,127.78533,710015
shapes_340_1,26.28262,127.78527,710016
shapes_340_1,26.28268,127.78521,710017
shapes_340_1,26.28273,127.78512,710018
shapes_340_1,26.28277,127.78502,710019
shapes_340_1,26.28283,127.78479,710020
shapes_340_1,26.2832,127.78412,710021
shapes_340_1,26.28327,127.7841,710022
shapes_340_1,26.28341,127.78408,710023
shapes_340_1,26.28353,127.7841,710024
shapes_340_1,26.28423,127.78438,710025
shapes_340_1,26.28461,127.78452,710026
shapes_340_1,26.2848,127.78457,710027
shapes_340_1,26.28494,127.78457,710028
shapes_340_1,26.28509,127.78452,710029
shapes_340_1,26.28521,127.78441,710030
shapes_340_1,26.28549,127.78397,710031
shapes_340_1,26.28571,127.78359,710032
shapes_340_1,26.28586,127.78331,710033
shapes_340_1,26.28622,127.78272,710034
shapes_340_1,26.28628,127.78262,710035
shapes_340_1,26.28628,127.78262,720001
shapes_340_1,26.28643,127.78237,720002
shapes_340_1,26.28651,127.78222,720003
shapes_340_1,26.28679,127.78174,720004
shapes_340_1,26.28695,127.7813,720005
shapes_340_1,26.28716,127.78068,720006
shapes_340_1,26.28733,127.78014,720007
shapes_340_1,26.28743,127.77973,720008
shapes_340_1,26.28747,127.77953,720009
shapes_340_1,26.287508909321232,127.77928948402406,720010
shapes_340_1,26.287633960050556,127.77864575386049,720011
shapes_340_1,26.28770129500282,127.77831315994264,720012
shapes_340_1,26.287797487723925,127.77761578559877,720013
shapes_340_1,26.28880750647945,127.7778196334839,720014
shapes_340_1,26.28918,127.77787,720015
shapes_340_1,26.28964,127.77784,720016
shapes_340_1,26.289632,127.777653,730001
shapes_340_1,26.289923326498002,127.77784109115602,730002
shapes_340_1,26.289846373737916,127.77807712554933,730003
shapes_340_1,26.289653991614326,127.77863502502443,730004
shapes_340_1,26.289528943062844,127.77918219566347,730005
shapes_340_1,26.28953856218698,127.78071641921998,730006
shapes_340_1,26.286825937574555,127.78172492980958,730007
shapes_340_1,26.2867874601734,127.78173565864564,730008
shapes_340_1,26.286258394613156,127.782701253891,730009
shapes_340_1,26.28622,127.78272,740001
shapes_340_1,26.28586,127.78331,740002
shapes_340_1,26.28571,127.78359,740003
shapes_340_1,26.28549,127.78397,740004
shapes_340_1,26.28521,127.78441,740005
shapes_340_1,26.28509,127.78452,740006
shapes_340_1,26.28494,127.78457,740007
shapes_340_1,26.2848,127.78457,740008
shapes_340_1,26.28461,127.78452,740009
shapes_340_1,26.28423,127.78438,740010
shapes_340_1,26.28353,127.7841,740011
shapes_340_1,26.28341,127.78408,740012
shapes_340_1,26.28327,127.7841,740013
shapes_340_1,26.2832,127.78412,740014
shapes_340_1,26.28283,127.78479,740015
shapes_340_1,26.28239,127.78482,740016
shapes_340_1,26.28231,127.78482,740017
shapes_340_1,26.28231,127.78482,750001
shapes_340_1,26.28195,127.78482,750002
shapes_340_1,26.28186,127.78482,750003
shapes_340_1,26.28173,127.78481,750004
shapes_340_1,26.28157,127.78478,750005
shapes_340_1,26.28117,127.78465,750006
shapes_340_1,26.28073,127.7845,750007
shapes_340_1,26.28019,127.78434,750008
shapes_340_1,26.28011,127.78433,750009
shapes_340_1,26.27942,127.78425,750010
shapes_340_1,26.27934,127.78422,750011
shapes_340_1,26.27924,127.78442,750012
shapes_340_1,26.27914,127.78463,750013
shapes_340_1,26.27906,127.78479,750014
shapes_340_1,26.279,127.78489,750015
shapes_340_1,26.279,127.78489,760001
shapes_340_1,26.27906,127.78479,760002
shapes_340_1,26.27914,127.78463,760003
shapes_340_1,26.27924,127.78442,760004
shapes_340_1,26.27934,127.78422,760005
shapes_340_1,26.27902,127.78404,760006
shapes_340_1,26.27854,127.78361,760007
shapes_340_1,26.27787,127.7831,760008
shapes_340_1,26.27763,127.78291,760009
shapes_340_1,26.27751,127.78281,760010
shapes_340_1,26.27751,127.78281,770001
shapes_340_1,26.2772,127.78256,770002
shapes_340_1,26.27681,127.78216,770003
shapes_340_1,26.27601,127.78134,770004
shapes_340_1,26.27585,127.78122,770005
shapes_340_1,26.27571,127.78113,770006
shapes_340_1,26.2756,127.78107,770007
shapes_340_1,26.27551,127.78105,770008
shapes_340_1,26.27545,127.78103,770009
shapes_340_1,26.27495,127.78098,770010
shapes_340_1,26.2745,127.78096,770011
shapes_340_1,26.27414,127.78104,770012
shapes_340_1,26.27398,127.7811,770013
shapes_340_1,26.27396,127.7811,770014
shapes_340_1,26.27378,127.78117,770015
shapes_340_1,26.27359,127.78124,770016
shapes_340_1,26.27338,127.78126,770017
shapes_340_1,26.27322,127.78125,770018
shapes_340_1,26.27302,127.78118,770019
shapes_340_1,26.27294,127.78111,770020
shapes_340_1,26.27284,127.78102,770021
shapes_340_1,26.27274,127.7809,770022
shapes_340_1,26.27261,127.78095,770023
shapes_340_1,26.27231,127.78097,770024
shapes_340_1,26.27195,127.78097,770025
shapes_340_1,26.2717,127.78101,770026
shapes_340_1,26.27132,127.78106,770027
shapes_340_1,26.27106,127.78112,770028
shapes_340_1,26.27085,127.78122,770029
shapes_340_1,26.27074,127.7813,770030
shapes_340_1,26.2698,127.78214,770031
shapes_340_1,26.26926,127.78265,770032
shapes_340_1,26.26919,127.78275,770033
shapes_340_1,26.26915,127.78286,770034
shapes_340_1,26.26913,127.78295,770035
shapes_340_1,26.26913,127.78303,770036
shapes_340_1,26.26922,127.7834,770037
shapes_340_1,26.26933,127.78377,770038
shapes_340_1,26.26945,127.78407,770039
shapes_340_1,26.26946,127.78417,770040
shapes_340_1,26.26947,127.7843,770041
shapes_340_1,26.26946,127.78437,770042
shapes_340_1,26.26945,127.78445,770043
shapes_340_1,26.26942,127.78457,770044
shapes_340_1,26.26962,127.78455,770045
shapes_340_1,26.269643,127.784697,780001
shapes_340_1,26.26962045679347,127.78454661369325,780002
shapes_340_1,26.269432851527856,127.78458416461946,780003
shapes_340_1,26.26945690350193,127.7841764688492,780004
shapes_340_1,26.269211573132573,127.78352737426759,780005
shapes_340_1,26.26913460663534,127.78316259384157,780006
shapes_340_1,26.26916346907779,127.78279244899751,780007
shapes_340_1,26.26968299181464,127.7822506427765,780008
shapes_340_1,26.270847099134848,127.78119921684267,780009
shapes_340_1,26.271780300704762,127.78098464012147,780010
shapes_340_1,26.272251708954812,127.78098464012147,780011
shapes_340_1,26.272723115290322,127.78086662292482,780012
shapes_340_1,26.272492222630532,127.78055548667909,780013
shapes_340_1,26.27232867338527,127.78007268905641,780014
shapes_340_1,26.272309432282434,127.77952551841737,780015
shapes_340_1,26.272097779940825,127.7789890766144,780016
shapes_340_1,26.27184764485771,127.77875304222108,780017
shapes_340_1,26.271587888623934,127.77860283851625,780018
shapes_340_1,26.27077013372203,127.77835607528688,780019
shapes_340_1,26.269394368358984,127.77789473533632,780020
shapes_340_1,26.268316834450786,127.77724027633668,780021
shapes_340_1,26.26825,127.77714,790001
shapes_340_1,26.26802,127.77698,790002
shapes_340_1,26.26784,127.77685,790003
shapes_340_1,26.26768,127.77675,790004
shapes_340_1,26.26749,127.77662,790005
shapes_340_1,26.26695,127.77625,790006
shapes_340_1,26.26656,127.776,790007
shapes_340_1,26.26622,127.77581,790008
shapes_340_1,26.26598,127.77568,790009
shapes_340_1,26.26561,127.77548,790010
shapes_340_1,26.26503,127.77516,790011
shapes_340_1,26.26427,127.77479,790012
shapes_340_1,26.2641,127.77473,790013
shapes_340_1,26.26398,127.7747,790014
shapes_340_1,26.26387,127.7747,790015
shapes_340_1,26.26371,127.77469,790016
shapes_340_1,26.26354,127.77471,790017
shapes_340_1,26.26322,127.77476,790018
shapes_340_1,26.26302,127.77481,790019
shapes_340_1,26.26286,127.77488,790020
shapes_340_1,26.26264,127.77499,790021
shapes_340_1,26.26251,127.77507,790022
shapes_340_1,26.26245,127.77511,790023
shapes_340_1,26.26238,127.7752,790024
shapes_340_1,26.26231,127.7753,790025
shapes_340_1,26.26224,127.77542,790026
shapes_340_1,26.26215,127.77564,790027
shapes_340_1,26.26213,127.7757,790028
shapes_340_1,26.26211,127.77576,790029
shapes_340_1,26.26211,127.77576,800001
shapes_340_1,26.26194,127.77622,800002
shapes_340_1,26.26186,127.77641,800003
shapes_340_1,26.26178,127.77654,800004
shapes_340_1,26.26168,127.77668,800005
shapes_340_1,26.26154,127.77681,800006
shapes_340_1,26.26146,127.77685,800007
shapes_340_1,26.26136,127.77688,800008
shapes_340_1,26.26119,127.77691,800009
shapes_340_1,26.26106,127.77693,800010
shapes_340_1,26.26094,127.77692,800011
shapes_340_1,26.2608,127.77687,800012
shapes_340_1,26.26055,127.77677,800013
shapes_340_1,26.26036,127.7767,800014
shapes_340_1,26.26013,127.77661,800015
shapes_340_1,26.25998,127.77654,800016
shapes_340_1,26.25976,127.77648,800017
shapes_340_1,26.25954,127.77645,800018
shapes_340_1,26.25944,127.77644,800019
shapes_340_1,26.25848,127.77647,800020
shapes_340_1,26.25804,127.77642,800021
shapes_340_1,26.25799,127.77641,800022
shapes_340_1,26.25781,127.7764,800023
shapes_340_1,26.25725,127.77627,800024
shapes_340_1,26.25713,127.77623,800025
shapes_340_1,26.25693,127.77611,800026
shapes_340_1,26.25675,127.77598,800027
shapes_340_1,26.25662,127.7758,800028
shapes_340_1,26.25643,127.77553,800029
shapes_340_1,26.25622,127.77527,800030
shapes_340_1,26.25598,127.77505,800031
shapes_340_1,26.25586,127.77499,800032
shapes_340_1,26.25576,127.77494,800033
shapes_340_1,26.2557,127.77492,800034
shapes_340_1,26.25518,127.77478,800035
shapes_340_1,26.25497,127.77472,800036
shapes_340_1,26.25478,127.77463,800037
shapes_340_1,26.25451,127.77443,800038
shapes_340_1,26.2543,127.77425,800039
shapes_340_1,26.25407,127.77407,800040
shapes_340_1,26.25396,127.77397,800041
shapes_340_1,26.25393,127.77395,800042
shapes_340_1,26.25375,127.77377,800043
shapes_340_1,26.25375,127.77377,810001
shapes_340_1,26.252537514056286,127.77273416519166,810002
shapes_340_1,26.250718905828165,127.7718758583069,810003
shapes_340_1,26.248746309163426,127.77110338211061,810004
shapes_340_1,26.247678206261465,127.77079224586488,810005
shapes_340_1,26.246754433671693,127.7704167366028,810006
shapes_340_1,26.247331792400928,127.76851773262025,810007
shapes_340_1,26.247899525687227,127.76853919029237,810008
shapes_340_1,26.24849612377867,127.76833534240724,810009
shapes_340_1,26.249650821059923,127.76797056198122,810010
shapes_340_1,26.250526458847393,127.76782035827638,810011
shapes_340_1,26.251382845464832,127.76783108711244,810012
shapes_340_1,26.25300900043124,127.7679491043091,810013
shapes_340_1,26.253451618552013,127.76740193367006,810014
shapes_340_1,26.25384612458603,127.7667796611786,810015
shapes_340_1,26.254019321933846,127.76637196540834,810016
shapes_340_1,26.254057810198297,127.7659857273102,810017
shapes_340_1,26.25395196744038,127.76567459106447,810018
shapes_340_1,26.25379801416581,127.76538491249086,810019
shapes_340_1,26.252922401036443,127.76480555534364,810020
shapes_340_1,26.25385,127.76402,810021
shapes_340_1,26.25385,127.76402,820001
shapes_340_1,26.25365,127.76417,820002
shapes_340_1,26.2529,127.76478,820003
shapes_340_1,26.25262,127.7646,820004
shapes_340_1,26.25221,127.76435,820005
shapes_340_1,26.25185,127.76414,820006
shapes_340_1,26.25158,127.76395,820007
shapes_340_1,26.25108,127.76358,820008
shapes_340_1,26.25072,127.76339,820009
shapes_340_1,26.25047,127.76331,820010
shapes_340_1,26.25019,127.76328,820011
shapes_340_1,26.24969,127.76331,820012
shapes_340_1,26.24841,127.76336,820013
shapes_340_1,26.24828,127.76338,820014
shapes_340_1,26.24766,127.76342,820015
shapes_340_1,26.24727,127.76343,820016
shapes_340_1,26.24702,127.76346,820017
shapes_340_1,26.24681,127.76351,820018
shapes_340_1,26.24657,127.7636,820019
shapes_340_1,26.2462,127.76383,820020
shapes_340_1,26.24606,127.76396,820021
shapes_340_1,26.24595,127.76412,820022
shapes_340_1,26.24582,127.76436,820023
shapes_340_1,26.24568,127.76459,820024
shapes_340_1,26.24559,127.76481,820025
shapes_340_1,26.24553,127.76505,820026
shapes_340_1,26.2455,127.76535,820027
shapes_340_1,26.24551,127.76552,820028
shapes_340_1,26.24553,127.76578,820029
shapes_340_1,26.24497,127.76587,820030
shapes_340_1,26.24497,127.76587,830001
shapes_340_1,26.24553,127.76578,830002
shapes_340_1,26.24565,127.76626,830003
shapes_340_1,26.24574,127.76652,830004
shapes_340_1,26.24582,127.76675,830005
shapes_340_1,26.24598,127.76712,830006
shapes_340_1,26.24615,127.76751,830007
shapes_340_1,26.24637,127.76787,830008
shapes_340_1,26.24651,127.76802,830009
shapes_340_1,26.24673,127.76821,830010
shapes_340_1,26.2469,127.76832,830011
shapes_340_1,26.2471,127.76842,830012
shapes_340_1,26.24732,127.76849,830013
shapes_340_1,26.2471,127.76933,830014
shapes_340_1,26.24691,127.77,830015
shapes_340_1,26.24686,127.77029,830016
shapes_340_1,26.24681,127.77039,830017
shapes_340_1,26.24646,127.77097,830018
shapes_340_1,26.24644,127.77099,830019
shapes_340_1,26.24644,127.77099,840001
shapes_340_1,26.24616,127.77146,840002
shapes_340_1,26.24608,127.77169,840003
shapes_340_1,26.24607,127.77185,840004
shapes_340_1,26.2461,127.77202,840005
shapes_340_1,26.24612,127.77206,840006
shapes_340_1,26.24617,127.77218,840007
shapes_340_1,26.24634,127.77233,840008
shapes_340_1,26.24705,127.77263,840009
shapes_340_1,26.24749,127.77281,840010
shapes_340_1,26.24807,127.77306,840011
shapes_340_1,26.24915,127.77352,840012
shapes_340_1,26.24923,127.77355,840013
shapes_340_1,26.24925,127.773521,850001
shapes_340_1,26.250045340000806,127.77391433715822,850002
shapes_340_1,26.249564219161897,127.7753520011902,850003
shapes_340_1,26.24983364707713,127.77586698532106,850004
shapes_340_1,26.2502185430151,127.77638196945192,850005
shapes_340_1,26.25083437386363,127.77674674987794,850006
shapes_340_1,26.251103798833388,127.77704715728761,850007
shapes_340_1,26.251277000269745,127.77745485305788,850008
shapes_340_1,26.251373223178355,127.77803421020509,850009
shapes_340_1,26.251315489442767,127.77861356735231,850010
shapes_340_1,26.251315489442767,127.77912855148317,850011
shapes_340_1,26.251469446007277,127.77975082397462,850012
shapes_340_1,26.251738869504287,127.78063058853151,850013
shapes_340_1,26.252431669913175,127.78170347213747,850014
shapes_340_1,26.25295126750855,127.78232574462892,850015
shapes_340_1,26.253547839659465,127.78290510177614,850016
shapes_340_1,26.254105920510913,127.7834415435791,850017
shapes_340_1,26.25412516463039,127.78369903564455,850018
shapes_340_1,26.254086676388255,127.78395652770998,850019
shapes_340_1,26.253971211585355,127.78438568115236,850020
shapes_340_1,26.251334734024468,127.78316259384157,850021
shapes_340_1,26.250122319150133,127.78258323669435,850022
shapes_340_1,26.24879442167566,127.78223991394044,850023
shapes_340_1,26.24887,127.78228,860001
shapes_340_1,26.24869,127.78224,860002
shapes_340_1,26.24816,127.78212,860003
shapes_340_1,26.24773,127.78202,860004
shapes_340_1,26.24753,127.78198,860005
shapes_340_1,26.24683,127.78181,860006
shapes_340_1,26.24621,127.78166,860007
shapes_340_1,26.24562,127.78149,860008
shapes_340_1,26.24532,127.78139,860009
shapes_340_1,26.24502,127.78125,860010
shapes_340_1,26.24472,127.78109,860011
shapes_340_1,26.24454,127.78094,860012
shapes_340_1,26.24419,127.78069,860013
shapes_340_1,26.2436,127.78026,860014
shapes_340_1,26.24272,127.7796,860015
shapes_340_1,26.24205,127.7791,860016
shapes_340_1,26.24138,127.7786,860017
shapes_340_1,26.24122,127.77849,860018
shapes_340_1,26.24078,127.77816,860019
shapes_340_1,26.23968,127.77734,860020
shapes_340_1,26.2387,127.7766,860021
shapes_340_1,26.23848,127.77641,860022
shapes_340_1,26.23825,127.77618,860023
shapes_340_1,26.23809,127.77597,860024
shapes_340_1,26.23795,127.77575,860025
shapes_340_1,26.23785,127.77556,860026
shapes_340_1,26.23774,127.77535,860027
shapes_340_1,26.23767,127.7752,860028
shapes_340_1,26.23759,127.77498,860029
shapes_340_1,26.23752,127.77473,860030
shapes_340_1,26.23742,127.77414,860031
shapes_340_1,26.23711166784956,127.77244901284577,860032
shapes_340_1,26.23666526589917,127.7724813250825,860033
shapes_340_1,26.236296978300665,127.77246577665213,860034
shapes_340_1,26.236314232997312,127.77224707184362,860035
shapes_340_1,26.236492907297947,127.7722352324054,860036
shapes_340_1,26.23649057660193,127.77224491350354,870001
shapes_340_1,26.236512699416412,127.77206551982091,870002
shapes_340_1,26.236702707341248,127.77208528015764,870003
shapes_340_1,26.23677,127.77169,870004
shapes_340_1,26.23706,127.77176,870005
shapes_340_1,26.23711,127.77214,870006
shapes_340_1,26.23742,127.77414,870007
shapes_340_1,26.23752,127.77473,870008
shapes_340_1,26.23759,127.77498,870009
shapes_340_1,26.23767,127.7752,870010
shapes_340_1,26.23774,127.77535,870011
shapes_340_1,26.23785,127.77556,870012
shapes_340_1,26.23795,127.77575,870013
shapes_340_1,26.23809,127.77597,870014
shapes_340_1,26.23825,127.77618,870015
shapes_340_1,26.23848,127.77641,870016
shapes_340_1,26.23863,127.77654,870017
shapes_340_1,26.23863,127.77654,880001
shapes_340_1,26.2387,127.7766,880002
shapes_340_1,26.23968,127.77734,880003
shapes_340_1,26.24078,127.77816,880004
shapes_340_1,26.24122,127.77849,880005
shapes_340_1,26.24138,127.7786,880006
shapes_340_1,26.24118,127.77898,880007
shapes_340_1,26.24121,127.77908,880008
shapes_340_1,26.24125,127.77918,880009
shapes_340_1,26.24131,127.77946,880010
shapes_340_1,26.24135,127.77972,880011
shapes_340_1,26.24137,127.78,880012
shapes_340_1,26.24119,127.77991,880013
shapes_340_1,26.24117,127.7799,880014
shapes_340_1,26.24117,127.7799,890001
shapes_340_1,26.24119,127.77991,890002
shapes_340_1,26.24137,127.78,890003
shapes_340_1,26.24129,127.78039,890004
shapes_340_1,26.24127,127.78048,890005
shapes_340_1,26.24123,127.78055,890006
shapes_340_1,26.24052,127.78145,890007
shapes_340_1,26.24028,127.78175,890008
shapes_340_1,26.23976,127.78239,890009
shapes_340_1,26.23917,127.78318,890010
shapes_340_1,26.23901,127.78337,890011
shapes_340_1,26.23871,127.78374,890012
shapes_340_1,26.23867,127.78378,890013
shapes_340_1,26.23867,127.78378,900001
shapes_340_1,26.23839,127.78414,900002
shapes_340_1,26.23754,127.78525,900003
shapes_340_1,26.2378,127.78549,900004
shapes_340_1,26.2382,127.78577,900005
shapes_340_1,26.23847,127.78593,900006
shapes_340_1,26.23868,127.78605,900007
shapes_340_1,26.23876,127.78607,900008
shapes_340_1,26.23881,127.78608,900009
shapes_340_1,26.23881,127.78608,910001
shapes_340_1,26.23897,127.7861,910002
shapes_340_1,26.2395,127.78621,910003
shapes_340_1,26.23988,127.7861,910004
shapes_340_1,26.24005,127.7861,910005
shapes_340_1,26.24038,127.78615,910006
shapes_340_1,26.24052,127.78625,910007
shapes_340_1,26.24068,127.78634,910008
shapes_340_1,26.24069,127.78634,910009
shapes_340_1,26.24087,127.78642,910010
shapes_340_1,26.24102,127.78645,910011
shapes_340_1,26.24118,127.78648,910012
shapes_340_1,26.24136,127.78646,910013
shapes_340_1,26.24153,127.78641,910014
shapes_340_1,26.24193,127.7852,910015
shapes_340_1,26.24204,127.78484,910016
shapes_340_1,26.24224,127.78422,910017
shapes_340_1,26.24238,127.7838,910018
shapes_340_1,26.24254,127.78332,910019
shapes_340_1,26.24266,127.78293,910020
shapes_340_1,26.24284,127.78236,910021
shapes_340_1,26.24309,127.78156,910022
shapes_340_1,26.24335,127.78075,910023
shapes_340_1,26.24429,127.78104,910024
shapes_340_1,26.24472,127.78109,910025
shapes_340_1,26.24502,127.78125,910026
shapes_340_1,26.24532,127.78139,910027
shapes_340_1,26.24562,127.78149,910028
shapes_340_1,26.24621,127.78166,910029
shapes_340_1,26.24683,127.78181,910030
shapes_340_1,26.24753,127.78198,910031
shapes_340_1,26.24773,127.78202,910032
shapes_340_1,26.24816,127.78212,910033
shapes_340_1,26.24859,127.78222,910034
shapes_340_1,26.24859,127.78222,920001
shapes_340_1,26.24869,127.78224,920002
shapes_340_1,26.24938,127.7824,920003
shapes_340_1,26.24979,127.78251,920004
shapes_340_1,26.25029,127.78268,920005
shapes_340_1,26.25068,127.78284,920006
shapes_340_1,26.25138,127.78316,920007
shapes_340_1,26.25207,127.7835,920008
shapes_340_1,26.25329,127.78409,920009
shapes_340_1,26.25396,127.78438,920010
shapes_340_1,26.25473,127.78468,920011
shapes_340_1,26.25526,127.78482,920012
shapes_340_1,26.25594,127.78502,920013
shapes_340_1,26.25599,127.78504,920014
shapes_340_1,26.256013,127.784978,930001
shapes_340_1,26.25702563418834,127.78539150953294,930002
shapes_340_1,26.25938413975136,127.78664560988547,930003
shapes_340_1,26.25948065661984,127.78663358185442,930004
shapes_340_1,26.25946827254794,127.78664730722085,940001
shapes_340_1,26.259505650266235,127.78671882580967,940002
shapes_340_1,26.260041227110843,127.78702866286041,940003
shapes_340_1,26.26059,127.78734,940004
shapes_340_1,26.26102,127.7876,940005
shapes_340_1,26.26151,127.78791,940006
shapes_340_1,26.26284,127.78876,940007
shapes_340_1,26.26413032187622,127.78949046973139,940008
shapes_340_1,26.26479523716737,127.78976724017411,940009
shapes_340_1,26.266974450424087,127.79050526674838,940010
shapes_340_1,26.269148887532243,127.79120532330128,940011
shapes_340_1,26.270519732711847,127.79163104016335,940012
shapes_340_1,26.27111061509348,127.79204338788988,940013
shapes_340_1,26.271302501836953,127.79234524117784,940014
shapes_340_1,26.271285628142717,127.79247304424645,940015
shapes_340_1,26.270544273011826,127.79311052989218,940016
shapes_340_1,26.27002501719674,127.79334746534006,940017
shapes_340_1,26.26974400476704,127.79338849475609,940018
shapes_340_1,26.26943559495639,127.79339119791987,940019
shapes_340_1,26.26713,127.79118,940020
shapes_340_1,26.26713,127.79118,950001
shapes_340_1,26.26707,127.79112,950002
shapes_340_1,26.26695,127.79101,950003
shapes_340_1,26.26676,127.79083,950004
shapes_340_1,26.26663,127.79073,950005
shapes_340_1,26.26651,127.79066,950006
shapes_340_1,26.26637,127.79061,950007
shapes_340_1,26.26623,127.79057,950008
shapes_340_1,26.26605,127.79053,950009
shapes_340_1,26.26552,127.7904,950010
shapes_340_1,26.26519,127.79031,950011
shapes_340_1,26.26515,127.7903,950012
shapes_340_1,26.26492,127.79024,950013
shapes_340_1,26.26473,127.7902,950014
shapes_340_1,26.26434,127.79012,950015
shapes_340_1,26.26378,127.79001,950016
shapes_340_1,26.26364,127.79001,950017
shapes_340_1,26.26341,127.79,950018
shapes_340_1,26.26319,127.78999,950019
shapes_340_1,26.26309,127.78996,950020
shapes_340_1,26.26302,127.78994,950021
shapes_340_1,26.26293,127.78986,950022
shapes_340_1,26.26251,127.78944,950023
shapes_340_1,26.2623,127.78988,950024
shapes_340_1,26.2623,127.78988,960001
shapes_340_1,26.26211,127.7903,960002
shapes_340_1,26.26206,127.79041,960003
shapes_340_1,26.26195,127.79059,960004
shapes_340_1,26.26184,127.79073,960005
shapes_340_1,26.26171,127.79084,960006
shapes_340_1,26.26139,127.79101,960007
shapes_340_1,26.26096,127.79122,960008
shapes_340_1,26.26062,127.79136,960009
shapes_340_1,26.26043,127.79137,960010
shapes_340_1,26.26026,127.79141,960011
shapes_340_1,26.2601,127.79148,960012
shapes_340_1,26.26,127.79155,960013
shapes_340_1,26.25991,127.79168,960014
shapes_340_1,26.25976,127.79158,960015
shapes_340_1,26.25962,127.79149,960016
shapes_340_1,26.25943,127.79134,960017
shapes_340_1,26.25929,127.79122,960018
